[[-61.21775  -7.32493   0.        0.        0.00586  -0.27123  -0.27123]
 [ -7.32493  -9.65119   0.        0.        0.07398  -0.77665  -0.77665]
 [  0.        0.       -9.56276   0.        0.        0.        0.     ]
 [  0.        0.        0.       -9.59086   0.       -0.52632   0.52632]
 [  0.00586   0.07398   0.        0.       -9.58253   0.44885   0.44885]
 [ -0.27123  -0.77665   0.       -0.52632   0.44885  -3.81641  -0.13881]
 [ -0.27123  -0.77665   0.        0.52632   0.44885  -0.13881  -3.81641]]