[[-62.0805   -5.06389   0.        0.        0.00839  -5.41865   0.        0.        0.00116  -0.00877  -0.62888  -0.00877  -0.62888]
 [ -5.06389 -11.13047   0.        0.        0.05725  -7.48769   0.        0.        0.03798  -0.07346  -1.14388  -0.07346  -1.14388]
 [  0.        0.      -12.22616   0.        0.        0.       -4.06817   0.        0.        0.        0.        0.        0.     ]
 [  0.        0.        0.      -12.24256   0.        0.        0.       -4.08504   0.       -0.09176  -0.51323   0.09176   0.51323]
 [  0.00839   0.05725   0.        0.      -12.2377    0.05569   0.        0.       -4.08004   0.07734   0.43938   0.07734   0.43938]
 [ -5.41865  -7.48769   0.        0.        0.05569  -7.23253   0.        0.        0.11024  -0.41327  -1.71602  -0.41327  -1.71602]
 [  0.        0.       -4.06817   0.        0.        0.       -4.97189   0.        0.        0.        0.        0.        0.     ]
 [  0.        0.        0.       -4.08504   0.        0.        0.       -5.0566    0.       -0.74876  -1.31505   0.74876   1.31505]
 [  0.00116   0.03798   0.        0.       -4.08004   0.11024   0.        0.       -5.0315    0.63062   1.133     0.63062   1.133  ]
 [ -0.00877  -0.07346   0.       -0.09176   0.07734  -0.41327   0.       -0.74876   0.63062  -4.24594  -2.44904  -0.00069  -0.08814]
 [ -0.62888  -1.14388   0.       -0.51323   0.43938  -1.71602   0.       -1.31505   1.133    -2.44904  -3.21593  -0.08814  -0.50553]
 [ -0.00877  -0.07346   0.        0.09176   0.07734  -0.41327   0.        0.74876   0.63062  -0.00069  -0.08814  -4.24594  -2.44904]
 [ -0.62888  -1.14388   0.        0.51323   0.43938  -1.71602   0.        1.31505   1.133    -0.08814  -0.50553  -2.44904  -3.21593]]