[[[[ 4.78507  0.74138  0.       0.      -0.       0.02714  0.02714]
   [ 0.74138  1.11895  0.       0.       0.       0.08508  0.08508]
   [ 0.       0.       1.11581  0.       0.       0.       0.     ]
   [ 0.       0.       0.       1.11581  0.       0.05537 -0.05537]
   [-0.       0.       0.       0.       1.11581 -0.04645 -0.04645]
   [ 0.02714  0.08508  0.       0.05537 -0.04645  0.29926  0.01374]
   [ 0.02714  0.08508  0.      -0.05537 -0.04645  0.01374  0.29926]]

  [[ 0.74138  0.13687  0.       0.      -0.       0.00497  0.00497]
   [ 0.13687  0.25663  0.       0.       0.       0.01984  0.01984]
   [ 0.       0.       0.25668  0.       0.       0.       0.     ]
   [ 0.       0.       0.       0.25668  0.       0.01306 -0.01306]
   [-0.       0.       0.       0.       0.25668 -0.01095 -0.01095]
   [ 0.00497  0.01984  0.       0.01306 -0.01095  0.07083  0.00324]
   [ 0.00497  0.01984  0.      -0.01306 -0.01095  0.00324  0.07083]]

  [[ 0.       0.       0.02448  0.       0.       0.       0.     ]
   [ 0.       0.       0.03781  0.       0.       0.       0.     ]
   [ 0.02448  0.03781  0.       0.      -0.       0.00182  0.00182]
   [ 0.       0.       0.       0.       0.       0.       0.     ]
   [ 0.       0.      -0.       0.       0.       0.       0.     ]
   [ 0.       0.       0.00182  0.       0.       0.       0.     ]
   [ 0.       0.       0.00182  0.       0.       0.       0.     ]]

  [[ 0.       0.       0.       0.02448  0.       0.00016 -0.00016]
   [ 0.       0.       0.       0.03781  0.       0.00111 -0.00111]
   [ 0.       0.       0.       0.       0.       0.       0.     ]
   [ 0.02448  0.03781  0.       0.      -0.       0.00238  0.00238]
   [ 0.       0.       0.      -0.       0.      -0.00047  0.00047]
   [ 0.00016  0.00111  0.       0.00238 -0.00047  0.00345  0.     ]
   [-0.00016 -0.00111  0.       0.00238  0.00047  0.      -0.00345]]

  [[-0.      -0.       0.       0.       0.02448 -0.00014 -0.00014]
   [-0.      -0.       0.       0.       0.03781 -0.00093 -0.00093]
   [ 0.       0.      -0.       0.       0.       0.       0.     ]
   [ 0.       0.       0.      -0.       0.      -0.00047  0.00047]
   [ 0.02448  0.03781  0.       0.      -0.       0.00222  0.00222]
   [-0.00014 -0.00093  0.      -0.00047  0.00222 -0.00289 -0.00022]
   [-0.00014 -0.00093  0.       0.00047  0.00222 -0.00022 -0.00289]]

  [[ 0.02714  0.00497  0.       0.00016 -0.00014  0.00018  0.00018]
   [ 0.00497  0.00928  0.       0.00031 -0.00026  0.00073  0.00071]
   [ 0.       0.       0.00927  0.       0.       0.       0.     ]
   [ 0.00016  0.00031  0.       0.00929 -0.00002  0.0005  -0.00046]
   [-0.00014 -0.00026  0.      -0.00002  0.00928 -0.00042 -0.00041]
   [ 0.00018  0.00073  0.       0.0005  -0.00042  0.00262  0.00012]
   [ 0.00018  0.00071  0.      -0.00046 -0.00041  0.00012  0.00255]]

  [[ 0.02714  0.00497  0.      -0.00016 -0.00014  0.00018  0.00018]
   [ 0.00497  0.00928  0.      -0.00031 -0.00026  0.00071  0.00073]
   [ 0.       0.       0.00927  0.       0.       0.       0.     ]
   [-0.00016 -0.00031  0.       0.00929  0.00002  0.00046 -0.0005 ]
   [-0.00014 -0.00026  0.       0.00002  0.00928 -0.00041 -0.00042]
   [ 0.00018  0.00071  0.       0.00046 -0.00041  0.00255  0.00012]
   [ 0.00018  0.00073  0.      -0.0005  -0.00042  0.00012  0.00262]]]


 [[[ 0.74138  0.13687  0.       0.      -0.       0.00497  0.00497]
   [ 0.13687  0.25663  0.       0.       0.       0.01984  0.01984]
   [ 0.       0.       0.25668  0.       0.       0.       0.     ]
   [ 0.       0.       0.       0.25668  0.       0.01306 -0.01306]
   [-0.       0.       0.       0.       0.25668 -0.01095 -0.01095]
   [ 0.00497  0.01984  0.       0.01306 -0.01095  0.07083  0.00324]
   [ 0.00497  0.01984  0.      -0.01306 -0.01095  0.00324  0.07083]]

  [[ 1.11895  0.25663  0.       0.      -0.       0.00928  0.00928]
   [ 0.25663  0.81721  0.       0.       0.       0.07271  0.07271]
   [ 0.       0.       0.81702  0.       0.       0.       0.     ]
   [ 0.       0.       0.       0.81702  0.       0.05115 -0.05115]
   [-0.       0.       0.       0.       0.81702 -0.04291 -0.04291]
   [ 0.00928  0.07271  0.       0.05115 -0.04291  0.29834  0.01321]
   [ 0.00928  0.07271  0.      -0.05115 -0.04291  0.01321  0.29834]]

  [[ 0.       0.       0.03781  0.       0.       0.       0.     ]
   [ 0.       0.       0.18052  0.       0.       0.       0.     ]
   [ 0.03781  0.18052  0.       0.       0.       0.01152  0.01152]
   [ 0.       0.       0.       0.       0.       0.       0.     ]
   [ 0.       0.       0.       0.       0.       0.       0.     ]
   [ 0.       0.       0.01152  0.       0.       0.       0.     ]
   [ 0.       0.       0.01152  0.       0.       0.       0.     ]]

  [[ 0.       0.       0.       0.03781  0.       0.00031 -0.00031]
   [ 0.       0.       0.       0.18052  0.       0.00957 -0.00957]
   [ 0.       0.       0.       0.       0.       0.       0.     ]
   [ 0.03781  0.18052  0.       0.       0.       0.01721  0.01721]
   [ 0.       0.       0.       0.       0.      -0.00478  0.00478]
   [ 0.00031  0.00957  0.       0.01721 -0.00478  0.04274 -0.     ]
   [-0.00031 -0.00957  0.       0.01721  0.00478 -0.      -0.04274]]

  [[ 0.       0.       0.       0.       0.03781 -0.00026 -0.00026]
   [ 0.       0.       0.       0.       0.18052 -0.00803 -0.00803]
   [ 0.       0.       0.       0.       0.       0.       0.     ]
   [ 0.       0.       0.       0.       0.      -0.00478  0.00478]
   [ 0.03781  0.18052  0.       0.       0.       0.01553  0.01553]
   [-0.00026 -0.00803  0.      -0.00478  0.01553 -0.03585 -0.00237]
   [-0.00026 -0.00803  0.       0.00478  0.01553 -0.00237 -0.03585]]

  [[ 0.08508  0.01984  0.       0.00111 -0.00093  0.00073  0.00071]
   [ 0.01984  0.07271  0.       0.00957 -0.00803  0.00915  0.00689]
   [ 0.       0.       0.07148  0.       0.       0.       0.     ]
   [ 0.00111  0.00957  0.       0.07361 -0.00178  0.00783 -0.00426]
   [-0.00093 -0.00803  0.      -0.00178  0.07298 -0.00657 -0.00484]
   [ 0.00073  0.00915  0.       0.00783 -0.00657  0.05402  0.00176]
   [ 0.00071  0.00689  0.      -0.00426 -0.00484  0.00176  0.03223]]

  [[ 0.08508  0.01984  0.      -0.00111 -0.00093  0.00071  0.00073]
   [ 0.01984  0.07271  0.      -0.00957 -0.00803  0.00689  0.00915]
   [ 0.       0.       0.07148  0.       0.       0.       0.     ]
   [-0.00111 -0.00957  0.       0.07361  0.00178  0.00426 -0.00783]
   [-0.00093 -0.00803  0.       0.00178  0.07298 -0.00484 -0.00657]
   [ 0.00071  0.00689  0.       0.00426 -0.00484  0.03223  0.00176]
   [ 0.00073  0.00915  0.      -0.00783 -0.00657  0.00176  0.05402]]]


 [[[ 0.       0.       0.02448  0.       0.       0.       0.     ]
   [ 0.       0.       0.03781  0.       0.       0.       0.     ]
   [ 0.02448  0.03781  0.       0.      -0.       0.00182  0.00182]
   [ 0.       0.       0.       0.       0.       0.       0.     ]
   [ 0.       0.      -0.       0.       0.       0.       0.     ]
   [ 0.       0.       0.00182  0.       0.       0.       0.     ]
   [ 0.       0.       0.00182  0.       0.       0.       0.     ]]

  [[ 0.       0.       0.03781  0.       0.       0.       0.     ]
   [ 0.       0.       0.18052  0.       0.       0.       0.     ]
   [ 0.03781  0.18052  0.       0.       0.       0.01152  0.01152]
   [ 0.       0.       0.       0.       0.       0.       0.     ]
   [ 0.       0.       0.       0.       0.       0.       0.     ]
   [ 0.       0.       0.01152  0.       0.       0.       0.     ]
   [ 0.       0.       0.01152  0.       0.       0.       0.     ]]

  [[ 1.11581  0.25668  0.       0.      -0.       0.00927  0.00927]
   [ 0.25668  0.81702  0.       0.       0.       0.07148  0.07148]
   [ 0.       0.       0.88016  0.       0.       0.       0.     ]
   [ 0.       0.       0.       0.78527  0.       0.04915 -0.04915]
   [-0.       0.       0.       0.       0.78527 -0.04123 -0.04123]
   [ 0.00927  0.07148  0.       0.04915 -0.04123  0.29104  0.01292]
   [ 0.00927  0.07148  0.      -0.04915 -0.04123  0.01292  0.29104]]

  [[ 0.       0.       0.       0.       0.       0.       0.     ]
   [ 0.       0.       0.       0.       0.       0.       0.     ]
   [ 0.       0.       0.       0.04744  0.       0.00188 -0.00188]
   [ 0.       0.       0.04744  0.       0.       0.       0.     ]
   [ 0.       0.       0.       0.       0.       0.       0.     ]
   [ 0.       0.       0.00188  0.       0.       0.       0.     ]
   [ 0.       0.      -0.00188  0.       0.       0.       0.     ]]

  [[ 0.       0.      -0.       0.       0.       0.       0.     ]
   [ 0.       0.       0.       0.       0.       0.       0.     ]
   [-0.       0.       0.       0.       0.04744 -0.00158 -0.00158]
   [ 0.       0.       0.       0.       0.       0.       0.     ]
   [ 0.       0.       0.04744  0.       0.       0.       0.     ]
   [ 0.       0.      -0.00158  0.       0.       0.       0.     ]
   [ 0.       0.      -0.00158  0.       0.       0.       0.     ]]

  [[ 0.       0.       0.00182  0.       0.       0.       0.     ]
   [ 0.       0.       0.01152  0.       0.       0.       0.     ]
   [ 0.00182  0.01152  0.       0.00188 -0.00158  0.00115  0.00082]
   [ 0.       0.       0.00188  0.       0.       0.       0.     ]
   [ 0.       0.      -0.00158  0.       0.       0.       0.     ]
   [ 0.       0.       0.00115  0.       0.       0.       0.     ]
   [ 0.       0.       0.00082  0.       0.       0.       0.     ]]

  [[ 0.       0.       0.00182  0.       0.       0.       0.     ]
   [ 0.       0.       0.01152  0.       0.       0.       0.     ]
   [ 0.00182  0.01152  0.      -0.00188 -0.00158  0.00082  0.00115]
   [ 0.       0.      -0.00188  0.       0.       0.       0.     ]
   [ 0.       0.      -0.00158  0.       0.       0.       0.     ]
   [ 0.       0.       0.00082  0.       0.       0.       0.     ]
   [ 0.       0.       0.00115  0.       0.       0.       0.     ]]]


 [[[ 0.       0.       0.       0.02448  0.       0.00016 -0.00016]
   [ 0.       0.       0.       0.03781  0.       0.00111 -0.00111]
   [ 0.       0.       0.       0.       0.       0.       0.     ]
   [ 0.02448  0.03781  0.       0.      -0.       0.00238  0.00238]
   [ 0.       0.       0.      -0.       0.      -0.00047  0.00047]
   [ 0.00016  0.00111  0.       0.00238 -0.00047  0.00345  0.     ]
   [-0.00016 -0.00111  0.       0.00238  0.00047  0.      -0.00345]]

  [[ 0.       0.       0.       0.03781  0.       0.00031 -0.00031]
   [ 0.       0.       0.       0.18052  0.       0.00957 -0.00957]
   [ 0.       0.       0.       0.       0.       0.       0.     ]
   [ 0.03781  0.18052  0.       0.       0.       0.01721  0.01721]
   [ 0.       0.       0.       0.       0.      -0.00478  0.00478]
   [ 0.00031  0.00957  0.       0.01721 -0.00478  0.04274 -0.     ]
   [-0.00031 -0.00957  0.       0.01721  0.00478 -0.      -0.04274]]

  [[ 0.       0.       0.       0.       0.       0.       0.     ]
   [ 0.       0.       0.       0.       0.       0.       0.     ]
   [ 0.       0.       0.       0.04744  0.       0.00188 -0.00188]
   [ 0.       0.       0.04744  0.       0.       0.       0.     ]
   [ 0.       0.       0.       0.       0.       0.       0.     ]
   [ 0.       0.       0.00188  0.       0.       0.       0.     ]
   [ 0.       0.      -0.00188  0.       0.       0.       0.     ]]

  [[ 1.11581  0.25668  0.       0.      -0.       0.00929  0.00929]
   [ 0.25668  0.81702  0.       0.       0.       0.07361  0.07361]
   [ 0.       0.       0.78527  0.       0.       0.       0.     ]
   [ 0.       0.       0.       0.88016  0.       0.05419 -0.05419]
   [-0.       0.       0.       0.       0.78527 -0.0423  -0.0423 ]
   [ 0.00929  0.07361  0.       0.05419 -0.0423   0.30383  0.01306]
   [ 0.00929  0.07361  0.      -0.05419 -0.0423   0.01306  0.30383]]

  [[ 0.       0.       0.      -0.       0.      -0.00002  0.00002]
   [ 0.       0.       0.       0.       0.      -0.00178  0.00178]
   [ 0.       0.       0.       0.       0.       0.       0.     ]
   [-0.       0.       0.       0.       0.04744 -0.00265 -0.00265]
   [ 0.       0.       0.       0.04744  0.       0.00278 -0.00278]
   [-0.00002 -0.00178  0.      -0.00265  0.00278 -0.01073  0.     ]
   [ 0.00002  0.00178  0.      -0.00265 -0.00278  0.       0.01073]]

  [[ 0.05537  0.01306  0.       0.00238 -0.00047  0.0005   0.00046]
   [ 0.01306  0.05115  0.       0.01721 -0.00478  0.00783  0.00426]
   [ 0.       0.       0.04915  0.       0.       0.       0.     ]
   [ 0.00238  0.01721  0.       0.05419 -0.00265  0.00777 -0.002  ]
   [-0.00047 -0.00478  0.      -0.00265  0.05005 -0.00555 -0.00296]
   [ 0.0005   0.00783  0.       0.00777 -0.00555  0.05368  0.00135]
   [ 0.00046  0.00426  0.      -0.002   -0.00296  0.00135  0.02047]]

  [[-0.05537 -0.01306  0.       0.00238  0.00047 -0.00046 -0.0005 ]
   [-0.01306 -0.05115  0.       0.01721  0.00478 -0.00426 -0.00783]
   [ 0.       0.      -0.04915  0.       0.       0.       0.     ]
   [ 0.00238  0.01721  0.      -0.05419 -0.00265 -0.002    0.00777]
   [ 0.00047  0.00478  0.      -0.00265 -0.05005  0.00296  0.00555]
   [-0.00046 -0.00426  0.      -0.002    0.00296 -0.02047 -0.00135]
   [-0.0005  -0.00783  0.       0.00777  0.00555 -0.00135 -0.05368]]]


 [[[-0.      -0.       0.       0.       0.02448 -0.00014 -0.00014]
   [-0.      -0.       0.       0.       0.03781 -0.00093 -0.00093]
   [ 0.       0.      -0.       0.       0.       0.       0.     ]
   [ 0.       0.       0.      -0.       0.      -0.00047  0.00047]
   [ 0.02448  0.03781  0.       0.      -0.       0.00222  0.00222]
   [-0.00014 -0.00093  0.      -0.00047  0.00222 -0.00289 -0.00022]
   [-0.00014 -0.00093  0.       0.00047  0.00222 -0.00022 -0.00289]]

  [[ 0.       0.       0.       0.       0.03781 -0.00026 -0.00026]
   [ 0.       0.       0.       0.       0.18052 -0.00803 -0.00803]
   [ 0.       0.       0.       0.       0.       0.       0.     ]
   [ 0.       0.       0.       0.       0.      -0.00478  0.00478]
   [ 0.03781  0.18052  0.       0.       0.       0.01553  0.01553]
   [-0.00026 -0.00803  0.      -0.00478  0.01553 -0.03585 -0.00237]
   [-0.00026 -0.00803  0.       0.00478  0.01553 -0.00237 -0.03585]]

  [[ 0.       0.      -0.       0.       0.       0.       0.     ]
   [ 0.       0.       0.       0.       0.       0.       0.     ]
   [-0.       0.       0.       0.       0.04744 -0.00158 -0.00158]
   [ 0.       0.       0.       0.       0.       0.       0.     ]
   [ 0.       0.       0.04744  0.       0.       0.       0.     ]
   [ 0.       0.      -0.00158  0.       0.       0.       0.     ]
   [ 0.       0.      -0.00158  0.       0.       0.       0.     ]]

  [[ 0.       0.       0.      -0.       0.      -0.00002  0.00002]
   [ 0.       0.       0.       0.       0.      -0.00178  0.00178]
   [ 0.       0.       0.       0.       0.       0.       0.     ]
   [-0.       0.       0.       0.       0.04744 -0.00265 -0.00265]
   [ 0.       0.       0.       0.04744  0.       0.00278 -0.00278]
   [-0.00002 -0.00178  0.      -0.00265  0.00278 -0.01073  0.     ]
   [ 0.00002  0.00178  0.      -0.00265 -0.00278  0.       0.01073]]

  [[ 1.11581  0.25668  0.       0.      -0.       0.00928  0.00928]
   [ 0.25668  0.81702  0.       0.       0.       0.07298  0.07298]
   [ 0.       0.       0.78527  0.       0.       0.       0.     ]
   [ 0.       0.       0.       0.78527  0.       0.05005 -0.05005]
   [-0.       0.       0.       0.       0.88016 -0.04514 -0.04514]
   [ 0.00928  0.07298  0.       0.05005 -0.04514  0.30004  0.01364]
   [ 0.00928  0.07298  0.      -0.05005 -0.04514  0.01364  0.30004]]

  [[-0.04645 -0.01095  0.      -0.00047  0.00222 -0.00042 -0.00041]
   [-0.01095 -0.04291  0.      -0.00478  0.01553 -0.00657 -0.00484]
   [ 0.       0.      -0.04123  0.       0.       0.       0.     ]
   [-0.00047 -0.00478  0.      -0.0423   0.00278 -0.00555  0.00296]
   [ 0.00222  0.01553  0.       0.00278 -0.04514  0.00581  0.00414]
   [-0.00042 -0.00657  0.      -0.00555  0.00581 -0.04503 -0.00146]
   [-0.00041 -0.00484  0.       0.00296  0.00414 -0.00146 -0.02427]]

  [[-0.04645 -0.01095  0.       0.00047  0.00222 -0.00041 -0.00042]
   [-0.01095 -0.04291  0.       0.00478  0.01553 -0.00484 -0.00657]
   [ 0.       0.      -0.04123  0.       0.       0.       0.     ]
   [ 0.00047  0.00478  0.      -0.0423  -0.00278 -0.00296  0.00555]
   [ 0.00222  0.01553  0.      -0.00278 -0.04514  0.00414  0.00581]
   [-0.00041 -0.00484  0.      -0.00296  0.00414 -0.02427 -0.00146]
   [-0.00042 -0.00657  0.       0.00555  0.00581 -0.00146 -0.04503]]]


 [[[ 0.02714  0.00497  0.       0.00016 -0.00014  0.00018  0.00018]
   [ 0.00497  0.00928  0.       0.00031 -0.00026  0.00073  0.00071]
   [ 0.       0.       0.00927  0.       0.       0.       0.     ]
   [ 0.00016  0.00031  0.       0.00929 -0.00002  0.0005  -0.00046]
   [-0.00014 -0.00026  0.      -0.00002  0.00928 -0.00042 -0.00041]
   [ 0.00018  0.00073  0.       0.0005  -0.00042  0.00262  0.00012]
   [ 0.00018  0.00071  0.      -0.00046 -0.00041  0.00012  0.00255]]

  [[ 0.08508  0.01984  0.       0.00111 -0.00093  0.00073  0.00071]
   [ 0.01984  0.07271  0.       0.00957 -0.00803  0.00915  0.00689]
   [ 0.       0.       0.07148  0.       0.       0.       0.     ]
   [ 0.00111  0.00957  0.       0.07361 -0.00178  0.00783 -0.00426]
   [-0.00093 -0.00803  0.      -0.00178  0.07298 -0.00657 -0.00484]
   [ 0.00073  0.00915  0.       0.00783 -0.00657  0.05402  0.00176]
   [ 0.00071  0.00689  0.      -0.00426 -0.00484  0.00176  0.03223]]

  [[ 0.       0.       0.00182  0.       0.       0.       0.     ]
   [ 0.       0.       0.01152  0.       0.       0.       0.     ]
   [ 0.00182  0.01152  0.       0.00188 -0.00158  0.00115  0.00082]
   [ 0.       0.       0.00188  0.       0.       0.       0.     ]
   [ 0.       0.      -0.00158  0.       0.       0.       0.     ]
   [ 0.       0.       0.00115  0.       0.       0.       0.     ]
   [ 0.       0.       0.00082  0.       0.       0.       0.     ]]

  [[ 0.05537  0.01306  0.       0.00238 -0.00047  0.0005   0.00046]
   [ 0.01306  0.05115  0.       0.01721 -0.00478  0.00783  0.00426]
   [ 0.       0.       0.04915  0.       0.       0.       0.     ]
   [ 0.00238  0.01721  0.       0.05419 -0.00265  0.00777 -0.002  ]
   [-0.00047 -0.00478  0.      -0.00265  0.05005 -0.00555 -0.00296]
   [ 0.0005   0.00783  0.       0.00777 -0.00555  0.05368  0.00135]
   [ 0.00046  0.00426  0.      -0.002   -0.00296  0.00135  0.02047]]

  [[-0.04645 -0.01095  0.      -0.00047  0.00222 -0.00042 -0.00041]
   [-0.01095 -0.04291  0.      -0.00478  0.01553 -0.00657 -0.00484]
   [ 0.       0.      -0.04123  0.       0.       0.       0.     ]
   [-0.00047 -0.00478  0.      -0.0423   0.00278 -0.00555  0.00296]
   [ 0.00222  0.01553  0.       0.00278 -0.04514  0.00581  0.00414]
   [-0.00042 -0.00657  0.      -0.00555  0.00581 -0.04503 -0.00146]
   [-0.00041 -0.00484  0.       0.00296  0.00414 -0.00146 -0.02427]]

  [[ 0.29926  0.07083  0.       0.00345 -0.00289  0.00262  0.00255]
   [ 0.07083  0.29834  0.       0.04274 -0.03585  0.05402  0.03223]
   [ 0.       0.       0.29104  0.       0.       0.       0.     ]
   [ 0.00345  0.04274  0.       0.30383 -0.01073  0.05368 -0.02047]
   [-0.00289 -0.03585  0.      -0.01073  0.30004 -0.04503 -0.02427]
   [ 0.00262  0.05402  0.       0.05368 -0.04503  0.77461  0.01295]
   [ 0.00255  0.03223  0.      -0.02047 -0.02427  0.01295  0.19552]]

  [[ 0.01374  0.00324  0.       0.      -0.00022  0.00012  0.00012]
   [ 0.00324  0.01321  0.      -0.      -0.00237  0.00176  0.00176]
   [ 0.       0.       0.01292  0.       0.       0.       0.     ]
   [ 0.      -0.       0.       0.01306  0.       0.00135 -0.00135]
   [-0.00022 -0.00237  0.       0.       0.01364 -0.00146 -0.00146]
   [ 0.00012  0.00176  0.       0.00135 -0.00146  0.01295  0.00052]
   [ 0.00012  0.00176  0.      -0.00135 -0.00146  0.00052  0.01295]]]


 [[[ 0.02714  0.00497  0.      -0.00016 -0.00014  0.00018  0.00018]
   [ 0.00497  0.00928  0.      -0.00031 -0.00026  0.00071  0.00073]
   [ 0.       0.       0.00927  0.       0.       0.       0.     ]
   [-0.00016 -0.00031  0.       0.00929  0.00002  0.00046 -0.0005 ]
   [-0.00014 -0.00026  0.       0.00002  0.00928 -0.00041 -0.00042]
   [ 0.00018  0.00071  0.       0.00046 -0.00041  0.00255  0.00012]
   [ 0.00018  0.00073  0.      -0.0005  -0.00042  0.00012  0.00262]]

  [[ 0.08508  0.01984  0.      -0.00111 -0.00093  0.00071  0.00073]
   [ 0.01984  0.07271  0.      -0.00957 -0.00803  0.00689  0.00915]
   [ 0.       0.       0.07148  0.       0.       0.       0.     ]
   [-0.00111 -0.00957  0.       0.07361  0.00178  0.00426 -0.00783]
   [-0.00093 -0.00803  0.       0.00178  0.07298 -0.00484 -0.00657]
   [ 0.00071  0.00689  0.       0.00426 -0.00484  0.03223  0.00176]
   [ 0.00073  0.00915  0.      -0.00783 -0.00657  0.00176  0.05402]]

  [[ 0.       0.       0.00182  0.       0.       0.       0.     ]
   [ 0.       0.       0.01152  0.       0.       0.       0.     ]
   [ 0.00182  0.01152  0.      -0.00188 -0.00158  0.00082  0.00115]
   [ 0.       0.      -0.00188  0.       0.       0.       0.     ]
   [ 0.       0.      -0.00158  0.       0.       0.       0.     ]
   [ 0.       0.       0.00082  0.       0.       0.       0.     ]
   [ 0.       0.       0.00115  0.       0.       0.       0.     ]]

  [[-0.05537 -0.01306  0.       0.00238  0.00047 -0.00046 -0.0005 ]
   [-0.01306 -0.05115  0.       0.01721  0.00478 -0.00426 -0.00783]
   [ 0.       0.      -0.04915  0.       0.       0.       0.     ]
   [ 0.00238  0.01721  0.      -0.05419 -0.00265 -0.002    0.00777]
   [ 0.00047  0.00478  0.      -0.00265 -0.05005  0.00296  0.00555]
   [-0.00046 -0.00426  0.      -0.002    0.00296 -0.02047 -0.00135]
   [-0.0005  -0.00783  0.       0.00777  0.00555 -0.00135 -0.05368]]

  [[-0.04645 -0.01095  0.       0.00047  0.00222 -0.00041 -0.00042]
   [-0.01095 -0.04291  0.       0.00478  0.01553 -0.00484 -0.00657]
   [ 0.       0.      -0.04123  0.       0.       0.       0.     ]
   [ 0.00047  0.00478  0.      -0.0423  -0.00278 -0.00296  0.00555]
   [ 0.00222  0.01553  0.      -0.00278 -0.04514  0.00414  0.00581]
   [-0.00041 -0.00484  0.      -0.00296  0.00414 -0.02427 -0.00146]
   [-0.00042 -0.00657  0.       0.00555  0.00581 -0.00146 -0.04503]]

  [[ 0.01374  0.00324  0.       0.      -0.00022  0.00012  0.00012]
   [ 0.00324  0.01321  0.      -0.      -0.00237  0.00176  0.00176]
   [ 0.       0.       0.01292  0.       0.       0.       0.     ]
   [ 0.      -0.       0.       0.01306  0.       0.00135 -0.00135]
   [-0.00022 -0.00237  0.       0.       0.01364 -0.00146 -0.00146]
   [ 0.00012  0.00176  0.       0.00135 -0.00146  0.01295  0.00052]
   [ 0.00012  0.00176  0.      -0.00135 -0.00146  0.00052  0.01295]]

  [[ 0.29926  0.07083  0.      -0.00345 -0.00289  0.00255  0.00262]
   [ 0.07083  0.29834  0.      -0.04274 -0.03585  0.03223  0.05402]
   [ 0.       0.       0.29104  0.       0.       0.       0.     ]
   [-0.00345 -0.04274  0.       0.30383  0.01073  0.02047 -0.05368]
   [-0.00289 -0.03585  0.       0.01073  0.30004 -0.02427 -0.04503]
   [ 0.00255  0.03223  0.       0.02047 -0.02427  0.19552  0.01295]
   [ 0.00262  0.05402  0.      -0.05368 -0.04503  0.01295  0.77461]]]]