[[30.46994 -2.85421  0.       0.       0.       0.19896  0.       0.       0.      -0.00058 -0.0027  -0.00058 -0.0027 ]
 [-2.85421  2.78788  0.       0.      -0.       0.65239  0.       0.       0.      -0.01164 -0.00844 -0.01164 -0.00844]
 [ 0.       0.       5.35131  0.       0.       0.       0.76116  0.       0.       0.       0.       0.       0.     ]
 [ 0.       0.       0.       5.35131  0.       0.       0.       0.76116  0.      -0.01484  0.01001  0.01484 -0.01001]
 [ 0.      -0.       0.       0.       5.35131 -0.       0.       0.       0.76116  0.01245 -0.0084   0.01245 -0.0084 ]
 [ 0.19896  0.65239  0.       0.      -0.       0.56053  0.       0.       0.      -0.03411  0.00745 -0.03411  0.00745]
 [ 0.       0.       0.76116  0.       0.       0.       0.93421  0.       0.       0.       0.       0.       0.     ]
 [ 0.       0.       0.       0.76116  0.       0.       0.       0.93421  0.      -0.02165  0.06624  0.02165 -0.06624]
 [ 0.       0.       0.       0.       0.76116  0.       0.       0.       0.93421  0.01816 -0.05556  0.01816 -0.05556]
 [-0.00058 -0.01164  0.      -0.01484  0.01245 -0.03411  0.      -0.02165  0.01816  1.5494   0.29315 -0.00013 -0.00918]
 [-0.0027  -0.00844  0.       0.01001 -0.0084   0.00745  0.       0.06624 -0.05556  0.29315  0.27479 -0.00918 -0.01495]
 [-0.00058 -0.01164  0.       0.01484  0.01245 -0.03411  0.       0.02165  0.01816 -0.00013 -0.00918  1.5494   0.29315]
 [-0.0027  -0.00844  0.      -0.01001 -0.0084   0.00745  0.      -0.06624 -0.05556 -0.00918 -0.01495  0.29315  0.27479]]