[[ 1.       0.23369  0.       0.      -0.       0.16728  0.       0.       0.       0.00033  0.01989  0.00033  0.01989]
 [ 0.23369  1.       0.       0.      -0.       0.76364  0.       0.       0.       0.01105  0.12853  0.01105  0.12853]
 [ 0.       0.       1.       0.       0.       0.       0.50152  0.       0.       0.       0.       0.       0.     ]
 [ 0.       0.       0.       1.       0.       0.       0.       0.50152  0.       0.01506  0.06905 -0.01506 -0.06905]
 [-0.      -0.       0.       0.       1.       0.       0.       0.       0.50152 -0.01264 -0.05792 -0.01264 -0.05792]
 [ 0.16728  0.76364  0.       0.       0.       1.       0.       0.       0.       0.09231  0.30919  0.09231  0.30919]
 [ 0.       0.       0.50152  0.       0.       0.       1.       0.       0.       0.       0.       0.       0.     ]
 [ 0.       0.       0.       0.50152  0.       0.       0.       1.       0.       0.17622  0.30722 -0.17622 -0.30722]
 [ 0.       0.       0.       0.       0.50152  0.       0.       0.       1.      -0.14782 -0.25772 -0.14782 -0.25772]
 [ 0.00033  0.01105  0.       0.01506 -0.01264  0.09231  0.       0.17622 -0.14782  1.       0.65829  0.00015  0.02148]
 [ 0.01989  0.12853  0.       0.06905 -0.05792  0.30919  0.       0.30722 -0.25772  0.65829  1.       0.02148  0.12141]
 [ 0.00033  0.01105  0.      -0.01506 -0.01264  0.09231  0.      -0.17622 -0.14782  0.00015  0.02148  1.       0.65829]
 [ 0.01989  0.12853  0.      -0.06905 -0.05792  0.30919  0.      -0.30722 -0.25772  0.02148  0.12141  0.65829  1.     ]]