[[29.54015 -2.1854   0.       0.      -0.       0.13128  0.       0.       0.      -0.00198 -0.00165 -0.00198 -0.00165]
 [-2.1854   1.71121  0.       0.      -0.       0.48005  0.       0.       0.      -0.02476 -0.00128 -0.02476 -0.00128]
 [ 0.       0.       4.25188  0.       0.       0.       0.54724  0.       0.       0.       0.       0.       0.     ]
 [ 0.       0.       0.       4.25188  0.       0.       0.       0.54724  0.      -0.02449  0.0181   0.02449 -0.0181 ]
 [-0.      -0.       0.       0.       4.25188  0.       0.       0.       0.54724  0.02055 -0.01518  0.02055 -0.01518]
 [ 0.13128  0.48005  0.       0.       0.       0.40501  0.       0.       0.      -0.0241   0.02344 -0.0241   0.02344]
 [ 0.       0.       0.54724  0.       0.       0.       0.67501  0.       0.       0.       0.       0.       0.     ]
 [ 0.       0.       0.       0.54724  0.       0.       0.       0.67501  0.       0.02142  0.08533 -0.02142 -0.08533]
 [ 0.       0.       0.       0.       0.54724  0.       0.       0.       0.67501 -0.01797 -0.07158 -0.01797 -0.07158]
 [-0.00198 -0.02476  0.      -0.02449  0.02055 -0.0241   0.       0.02142 -0.01797  1.39568  0.25973 -0.00068 -0.01073]
 [-0.00165 -0.00128  0.       0.0181  -0.01518  0.02344  0.       0.08533 -0.07158  0.25973  0.24192 -0.01073 -0.01192]
 [-0.00198 -0.02476  0.       0.02449  0.02055 -0.0241   0.      -0.02142 -0.01797 -0.00068 -0.01073  1.39568  0.25973]
 [-0.00165 -0.00128  0.      -0.0181  -0.01518  0.02344  0.      -0.08533 -0.07158 -0.01073 -0.01192  0.25973  0.24192]]