[[ 1.       0.20921  0.       0.      -0.       0.18309  0.       0.      -0.       0.00005  0.01473  0.00005  0.01473]
 [ 0.20921  1.       0.       0.      -0.       0.74002  0.       0.      -0.       0.00242  0.08435  0.00242  0.08435]
 [ 0.       0.       1.       0.       0.       0.       0.49877  0.       0.       0.       0.       0.       0.     ]
 [ 0.       0.       0.       1.       0.       0.       0.       0.49877  0.       0.00383  0.04572 -0.00383 -0.04572]
 [-0.      -0.       0.       0.       1.      -0.       0.       0.       0.49877 -0.00322 -0.03835 -0.00322 -0.03835]
 [ 0.18309  0.74002  0.       0.      -0.       1.       0.       0.       0.       0.04711  0.23167  0.04711  0.23167]
 [ 0.       0.       0.49877  0.       0.       0.       1.       0.       0.       0.       0.       0.       0.     ]
 [ 0.       0.       0.       0.49877  0.       0.       0.       1.       0.       0.10219  0.23823 -0.10219 -0.23823]
 [-0.      -0.       0.       0.       0.49877  0.       0.       0.       1.      -0.08572 -0.19984 -0.08572 -0.19984]
 [ 0.00005  0.00242  0.       0.00383 -0.00322  0.04711  0.       0.10219 -0.08572  1.       0.6459   0.00002  0.01249]
 [ 0.01473  0.08435  0.       0.04572 -0.03835  0.23167  0.       0.23823 -0.19984  0.6459   1.       0.01249  0.09116]
 [ 0.00005  0.00242  0.      -0.00383 -0.00322  0.04711  0.      -0.10219 -0.08572  0.00002  0.01249  1.       0.6459 ]
 [ 0.01473  0.08435  0.      -0.04572 -0.03835  0.23167  0.      -0.23823 -0.19984  0.01249  0.09116  0.6459   1.     ]]