[[[[ 4.78045  0.59838  0.       0.       0.       0.53797  0.       0.       0.       0.00091  0.06274  0.00091  0.06274]
   [ 0.59838  1.31144  0.       0.      -0.       0.87506  0.       0.       0.       0.00813  0.13228  0.00813  0.13228]
   [ 0.       0.       1.43304  0.       0.       0.       0.47076  0.       0.       0.       0.       0.       0.     ]
   [ 0.       0.       0.       1.43304  0.       0.       0.       0.47076  0.       0.00998  0.05834 -0.00998 -0.05834]
   [ 0.      -0.       0.       0.       1.43304  0.       0.       0.       0.47076 -0.00837 -0.04894 -0.00837 -0.04894]
   [ 0.53797  0.87506  0.       0.       0.       0.82166  0.       0.       0.       0.03861  0.18584  0.03861  0.18584]
   [ 0.       0.       0.47076  0.       0.       0.       0.5527   0.       0.       0.       0.       0.       0.     ]
   [ 0.       0.       0.       0.47076  0.       0.       0.       0.5527   0.       0.06662  0.13398 -0.06662 -0.13398]
   [ 0.       0.       0.       0.       0.47076  0.       0.       0.       0.5527  -0.05589 -0.11239 -0.05589 -0.11239]
   [ 0.00091  0.00813  0.       0.00998 -0.00837  0.03861  0.       0.06662 -0.05589  0.29964  0.19725  0.00007  0.00807]
   [ 0.06274  0.13228  0.       0.05834 -0.04894  0.18584  0.       0.13398 -0.11239  0.19725  0.29734  0.00807  0.0517 ]
   [ 0.00091  0.00813  0.      -0.00998 -0.00837  0.03861  0.      -0.06662 -0.05589  0.00007  0.00807  0.29964  0.19725]
   [ 0.06274  0.13228  0.      -0.05834 -0.04894  0.18584  0.      -0.13398 -0.11239  0.00807  0.0517   0.19725  0.29734]]

  [[ 0.59838  0.11285  0.       0.       0.       0.08664  0.       0.       0.       0.00016  0.01019  0.00016  0.01019]
   [ 0.11285  0.29498  0.       0.      -0.       0.19741  0.       0.       0.       0.00189  0.03007  0.00189  0.03007]
   [ 0.       0.       0.31085  0.       0.       0.       0.10782  0.       0.       0.       0.       0.       0.     ]
   [ 0.       0.       0.       0.31085  0.       0.       0.       0.10782  0.       0.00232  0.01343 -0.00232 -0.01343]
   [ 0.      -0.       0.       0.       0.31085  0.       0.       0.       0.10782 -0.00195 -0.01127 -0.00195 -0.01127]
   [ 0.08664  0.19741  0.       0.       0.       0.18649  0.       0.       0.       0.00901  0.04278  0.00901  0.04278]
   [ 0.       0.       0.10782  0.       0.       0.       0.12892  0.       0.       0.       0.       0.       0.     ]
   [ 0.       0.       0.       0.10782  0.       0.       0.       0.12892  0.       0.01557  0.03129 -0.01557 -0.03129]
   [ 0.       0.       0.       0.       0.10782  0.       0.       0.       0.12892 -0.01306 -0.02625 -0.01306 -0.02625]
   [ 0.00016  0.00189  0.       0.00232 -0.00195  0.00901  0.       0.01557 -0.01306  0.07002  0.04609  0.00002  0.00188]
   [ 0.01019  0.03007  0.       0.01343 -0.01127  0.04278  0.       0.03129 -0.02625  0.04609  0.06941  0.00188  0.01201]
   [ 0.00016  0.00189  0.      -0.00232 -0.00195  0.00901  0.      -0.01557 -0.01306  0.00002  0.00188  0.07002  0.04609]
   [ 0.01019  0.03007  0.      -0.01343 -0.01127  0.04278  0.      -0.03129 -0.02625  0.00188  0.01201  0.04609  0.06941]]

  [[ 0.       0.       0.06093  0.       0.       0.       0.00564  0.       0.       0.       0.       0.       0.     ]
   [ 0.       0.       0.07436  0.       0.       0.       0.02017  0.       0.       0.       0.       0.       0.     ]
   [ 0.06093  0.07436  0.       0.      -0.       0.04654  0.       0.      -0.       0.00016  0.00617  0.00016  0.00617]
   [ 0.       0.       0.       0.       0.       0.       0.       0.       0.       0.       0.       0.       0.     ]
   [ 0.       0.      -0.       0.       0.       0.      -0.       0.       0.       0.       0.       0.       0.     ]
   [ 0.       0.       0.04654  0.       0.       0.       0.01936  0.       0.       0.       0.       0.       0.     ]
   [ 0.00564  0.02017  0.       0.      -0.       0.01936  0.       0.      -0.       0.00027  0.00374  0.00027  0.00374]
   [ 0.       0.       0.       0.       0.       0.       0.       0.       0.       0.       0.       0.       0.     ]
   [ 0.       0.      -0.       0.       0.       0.      -0.       0.       0.       0.       0.       0.       0.     ]
   [ 0.       0.       0.00016  0.       0.       0.       0.00027  0.       0.       0.       0.       0.       0.     ]
   [ 0.       0.       0.00617  0.       0.       0.       0.00374  0.       0.       0.       0.       0.       0.     ]
   [ 0.       0.       0.00016  0.       0.       0.       0.00027  0.       0.       0.       0.       0.       0.     ]
   [ 0.       0.       0.00617  0.       0.       0.       0.00374  0.       0.       0.       0.       0.       0.     ]]

  [[ 0.       0.       0.       0.06093  0.       0.       0.       0.00564  0.       0.00003  0.00053 -0.00003 -0.00053]
   [ 0.       0.       0.       0.07436  0.       0.       0.       0.02017  0.       0.00029  0.00228 -0.00029 -0.00228]
   [ 0.       0.       0.       0.       0.       0.       0.       0.       0.       0.       0.       0.       0.     ]
   [ 0.06093  0.07436  0.       0.      -0.       0.04654  0.       0.      -0.       0.00043  0.00681  0.00043  0.00681]
   [ 0.       0.       0.      -0.       0.       0.       0.      -0.       0.      -0.00023 -0.00054  0.00023  0.00054]
   [ 0.       0.       0.       0.04654  0.       0.       0.       0.01936  0.       0.00088  0.00297 -0.00088 -0.00297]
   [ 0.       0.       0.       0.       0.       0.       0.       0.       0.       0.       0.       0.       0.     ]
   [ 0.00564  0.02017  0.       0.      -0.       0.01936  0.       0.      -0.       0.0015   0.00512  0.0015   0.00512]
   [ 0.       0.       0.      -0.       0.       0.       0.      -0.       0.      -0.00103 -0.00116  0.00103  0.00116]
   [ 0.00003  0.00029  0.       0.00043 -0.00023  0.00088  0.       0.0015  -0.00103  0.005    0.00329  0.       0.00013]
   [ 0.00053  0.00228  0.       0.00681 -0.00054  0.00297  0.       0.00512 -0.00116  0.00329  0.00464 -0.00013  0.     ]
   [-0.00003 -0.00029  0.       0.00043  0.00023 -0.00088  0.       0.0015   0.00103  0.      -0.00013 -0.005   -0.00329]
   [-0.00053 -0.00228  0.       0.00681  0.00054 -0.00297  0.       0.00512  0.00116  0.00013  0.      -0.00329 -0.00464]]

  [[ 0.       0.       0.       0.       0.06093 -0.       0.       0.       0.00564 -0.00002 -0.00044 -0.00002 -0.00044]
   [ 0.       0.       0.       0.       0.07436 -0.       0.       0.       0.02017 -0.00024 -0.00191 -0.00024 -0.00191]
   [ 0.       0.      -0.       0.       0.       0.      -0.       0.       0.       0.       0.       0.       0.     ]
   [ 0.       0.       0.      -0.       0.       0.       0.      -0.       0.      -0.00023 -0.00054  0.00023  0.00054]
   [ 0.06093  0.07436  0.       0.      -0.       0.04654  0.       0.      -0.       0.00035  0.00662  0.00035  0.00662]
   [-0.      -0.       0.       0.       0.04654 -0.       0.       0.       0.01936 -0.00074 -0.00249 -0.00074 -0.00249]
   [ 0.       0.      -0.       0.       0.       0.      -0.       0.       0.       0.       0.       0.       0.     ]
   [ 0.       0.       0.      -0.       0.       0.       0.      -0.       0.      -0.00103 -0.00116  0.00103  0.00116]
   [ 0.00564  0.02017  0.       0.      -0.       0.01936  0.       0.      -0.       0.00114  0.00471  0.00114  0.00471]
   [-0.00002 -0.00024  0.      -0.00023  0.00035 -0.00074  0.      -0.00103  0.00114 -0.0042  -0.00276 -0.      -0.00018]
   [-0.00044 -0.00191  0.      -0.00054  0.00662 -0.00249  0.      -0.00116  0.00471 -0.00276 -0.00389 -0.00018 -0.00113]
   [-0.00002 -0.00024  0.       0.00023  0.00035 -0.00074  0.       0.00103  0.00114 -0.      -0.00018 -0.0042  -0.00276]
   [-0.00044 -0.00191  0.       0.00054  0.00662 -0.00249  0.       0.00116  0.00471 -0.00018 -0.00113 -0.00276 -0.00389]]

  [[ 0.53797  0.08664  0.       0.      -0.       0.0704   0.       0.       0.       0.00012  0.00825  0.00012  0.00825]
   [ 0.08664  0.21339  0.       0.      -0.       0.14272  0.       0.       0.       0.00135  0.02169  0.00135  0.02169]
   [ 0.       0.       0.22749  0.       0.       0.       0.07761  0.       0.       0.       0.       0.       0.     ]
   [ 0.       0.       0.       0.22749  0.       0.       0.       0.07761  0.       0.00166  0.00965 -0.00166 -0.00965]
   [-0.      -0.       0.       0.       0.22749  0.       0.       0.       0.07761 -0.0014  -0.0081  -0.0014  -0.0081 ]
   [ 0.0704   0.14272  0.       0.       0.       0.13463  0.       0.       0.       0.00645  0.03076  0.00645  0.03076]
   [ 0.       0.       0.07761  0.       0.       0.       0.09232  0.       0.       0.       0.       0.       0.     ]
   [ 0.       0.       0.       0.07761  0.       0.       0.       0.09232  0.       0.01114  0.0224  -0.01114 -0.0224 ]
   [ 0.       0.       0.       0.       0.07761  0.       0.       0.       0.09232 -0.00935 -0.01879 -0.00935 -0.01879]
   [ 0.00012  0.00135  0.       0.00166 -0.0014   0.00645  0.       0.01114 -0.00935  0.05012  0.03299  0.00001  0.00135]
   [ 0.00825  0.02169  0.       0.00965 -0.0081   0.03076  0.       0.0224  -0.01879  0.03299  0.0497   0.00135  0.00861]
   [ 0.00012  0.00135  0.      -0.00166 -0.0014   0.00645  0.      -0.01114 -0.00935  0.00001  0.00135  0.05012  0.03299]
   [ 0.00825  0.02169  0.      -0.00965 -0.0081   0.03076  0.      -0.0224  -0.01879  0.00135  0.00861  0.03299  0.0497 ]]

  [[ 0.       0.       0.00564  0.       0.       0.       0.00056  0.       0.       0.       0.       0.       0.     ]
   [ 0.       0.       0.00895  0.       0.       0.       0.00261  0.       0.       0.       0.       0.       0.     ]
   [ 0.00564  0.00895  0.       0.      -0.       0.00563  0.       0.       0.       0.00002  0.00076  0.00002  0.00076]
   [ 0.       0.       0.       0.       0.       0.       0.       0.       0.       0.       0.       0.       0.     ]
   [ 0.       0.      -0.       0.       0.       0.       0.       0.       0.       0.       0.       0.       0.     ]
   [ 0.       0.       0.00563  0.       0.       0.       0.00257  0.       0.       0.       0.       0.       0.     ]
   [ 0.00056  0.00261  0.       0.       0.       0.00257  0.       0.       0.       0.00004  0.0005   0.00004  0.0005 ]
   [ 0.       0.       0.       0.       0.       0.       0.       0.       0.       0.       0.       0.       0.     ]
   [ 0.       0.       0.       0.       0.       0.       0.       0.       0.       0.       0.       0.       0.     ]
   [ 0.       0.       0.00002  0.       0.       0.       0.00004  0.       0.       0.       0.       0.       0.     ]
   [ 0.       0.       0.00076  0.       0.       0.       0.0005   0.       0.       0.       0.       0.       0.     ]
   [ 0.       0.       0.00002  0.       0.       0.       0.00004  0.       0.       0.       0.       0.       0.     ]
   [ 0.       0.       0.00076  0.       0.       0.       0.0005   0.       0.       0.       0.       0.       0.     ]]

  [[ 0.       0.       0.       0.00564  0.       0.       0.       0.00056  0.       0.       0.00005 -0.      -0.00005]
   [ 0.       0.       0.       0.00895  0.       0.       0.       0.00261  0.       0.00004  0.0003  -0.00004 -0.0003 ]
   [ 0.       0.       0.       0.       0.       0.       0.       0.       0.       0.       0.       0.       0.     ]
   [ 0.00564  0.00895  0.       0.      -0.       0.00563  0.       0.       0.       0.00006  0.00084  0.00006  0.00084]
   [ 0.       0.       0.      -0.       0.       0.       0.       0.       0.      -0.00003 -0.00007  0.00003  0.00007]
   [ 0.       0.       0.       0.00563  0.       0.       0.       0.00257  0.       0.00012  0.0004  -0.00012 -0.0004 ]
   [ 0.       0.       0.       0.       0.       0.       0.       0.       0.       0.       0.       0.       0.     ]
   [ 0.00056  0.00261  0.       0.       0.       0.00257  0.       0.       0.       0.00021  0.00069  0.00021  0.00069]
   [ 0.       0.       0.       0.       0.       0.       0.       0.       0.      -0.00014 -0.00016  0.00014  0.00016]
   [ 0.       0.00004  0.       0.00006 -0.00003  0.00012  0.       0.00021 -0.00014  0.00069  0.00045  0.       0.00002]
   [ 0.00005  0.0003   0.       0.00084 -0.00007  0.0004   0.       0.00069 -0.00016  0.00045  0.00064 -0.00002  0.     ]
   [-0.      -0.00004  0.       0.00006  0.00003 -0.00012  0.       0.00021  0.00014  0.      -0.00002 -0.00069 -0.00045]
   [-0.00005 -0.0003   0.       0.00084  0.00007 -0.0004   0.       0.00069  0.00016  0.00002  0.      -0.00045 -0.00064]]

  [[ 0.       0.       0.       0.       0.00564  0.       0.       0.       0.00056 -0.      -0.00004 -0.      -0.00004]
   [ 0.       0.       0.       0.       0.00895  0.       0.       0.       0.00261 -0.00003 -0.00025 -0.00003 -0.00025]
   [ 0.       0.       0.       0.       0.       0.       0.       0.       0.       0.       0.       0.       0.     ]
   [ 0.       0.       0.       0.       0.       0.       0.       0.       0.      -0.00003 -0.00007  0.00003  0.00007]
   [ 0.00564  0.00895  0.       0.       0.       0.00563  0.       0.       0.       0.00005  0.00082  0.00005  0.00082]
   [ 0.       0.       0.       0.       0.00563  0.       0.       0.       0.00257 -0.0001  -0.00034 -0.0001  -0.00034]
   [ 0.       0.       0.       0.       0.       0.       0.       0.       0.       0.       0.       0.       0.     ]
   [ 0.       0.       0.       0.       0.       0.       0.       0.       0.      -0.00014 -0.00016  0.00014  0.00016]
   [ 0.00056  0.00261  0.       0.       0.       0.00257  0.       0.       0.       0.00016  0.00064  0.00016  0.00064]
   [-0.      -0.00003  0.      -0.00003  0.00005 -0.0001   0.      -0.00014  0.00016 -0.00058 -0.00038 -0.      -0.00002]
   [-0.00004 -0.00025  0.      -0.00007  0.00082 -0.00034  0.      -0.00016  0.00064 -0.00038 -0.00053 -0.00002 -0.00015]
   [-0.      -0.00003  0.       0.00003  0.00005 -0.0001   0.       0.00014  0.00016 -0.      -0.00002 -0.00058 -0.00038]
   [-0.00004 -0.00025  0.       0.00007  0.00082 -0.00034  0.       0.00016  0.00064 -0.00002 -0.00015 -0.00038 -0.00053]]

  [[ 0.00091  0.00016  0.       0.00003 -0.00002  0.00012  0.       0.      -0.       0.       0.00002  0.       0.00001]
   [ 0.00016  0.00041  0.       0.00005 -0.00004  0.00028  0.       0.00002 -0.00001  0.       0.00005  0.       0.00004]
   [ 0.       0.       0.00043  0.       0.       0.       0.00015  0.       0.       0.       0.       0.       0.     ]
   [ 0.00003  0.00005  0.       0.00044 -0.00001  0.00003  0.       0.00015 -0.       0.       0.00002 -0.      -0.00001]
   [-0.00002 -0.00004  0.      -0.00001  0.00043 -0.00003  0.      -0.       0.00015 -0.      -0.00002 -0.      -0.00002]
   [ 0.00012  0.00028  0.       0.00003 -0.00003  0.00026  0.       0.00002 -0.00001  0.00001  0.00006  0.00001  0.00006]
   [ 0.       0.       0.00015  0.       0.       0.       0.00018  0.       0.       0.       0.       0.       0.     ]
   [ 0.       0.00002  0.       0.00015 -0.       0.00002  0.       0.00018 -0.       0.00002  0.00005 -0.00002 -0.00004]
   [-0.      -0.00001  0.      -0.       0.00015 -0.00001  0.      -0.       0.00018 -0.00002 -0.00004 -0.00002 -0.00004]
   [ 0.       0.       0.       0.      -0.       0.00001  0.       0.00002 -0.00002  0.00011  0.00007  0.       0.     ]
   [ 0.00002  0.00005  0.       0.00002 -0.00002  0.00006  0.       0.00005 -0.00004  0.00007  0.00011  0.       0.00002]
   [ 0.       0.       0.      -0.      -0.       0.00001  0.      -0.00002 -0.00002  0.       0.       0.0001   0.00006]
   [ 0.00001  0.00004  0.      -0.00001 -0.00002  0.00006  0.      -0.00004 -0.00004  0.       0.00002  0.00006  0.0001 ]]

  [[ 0.06274  0.01019  0.       0.00053 -0.00044  0.00825  0.       0.00005 -0.00004  0.00002  0.00098  0.00001  0.00097]
   [ 0.01019  0.0253   0.       0.00086 -0.00072  0.01693  0.       0.00025 -0.00021  0.00017  0.00262  0.00016  0.00257]
   [ 0.       0.       0.0269   0.       0.       0.       0.00921  0.       0.       0.       0.       0.       0.     ]
   [ 0.00053  0.00086  0.       0.02695 -0.00005  0.00054  0.       0.00922 -0.00001  0.00021  0.00124 -0.00019 -0.00107]
   [-0.00044 -0.00072  0.      -0.00005  0.02694 -0.00045  0.      -0.00001  0.00922 -0.00017 -0.00104 -0.00017 -0.00102]
   [ 0.00825  0.01693  0.       0.00054 -0.00045  0.01598  0.       0.00025 -0.00021  0.00079  0.00372  0.00076  0.00364]
   [ 0.       0.       0.00921  0.       0.       0.       0.01097  0.       0.       0.       0.       0.       0.     ]
   [ 0.00005  0.00025  0.       0.00922 -0.00001  0.00025  0.       0.01098 -0.00001  0.00136  0.00275 -0.00132 -0.00261]
   [-0.00004 -0.00021  0.      -0.00001  0.00922 -0.00021  0.      -0.00001  0.01098 -0.00114 -0.0023  -0.00111 -0.00227]
   [ 0.00002  0.00017  0.       0.00021 -0.00017  0.00079  0.       0.00136 -0.00114  0.00608  0.004    0.       0.00016]
   [ 0.00098  0.00262  0.       0.00124 -0.00104  0.00372  0.       0.00275 -0.0023   0.004    0.00602  0.00016  0.00104]
   [ 0.00001  0.00016  0.      -0.00019 -0.00017  0.00076  0.      -0.00132 -0.00111  0.       0.00016  0.00594  0.00391]
   [ 0.00097  0.00257  0.      -0.00107 -0.00102  0.00364  0.      -0.00261 -0.00227  0.00016  0.00104  0.00391  0.00589]]

  [[ 0.00091  0.00016  0.      -0.00003 -0.00002  0.00012  0.      -0.      -0.       0.       0.00001  0.       0.00002]
   [ 0.00016  0.00041  0.      -0.00005 -0.00004  0.00028  0.      -0.00002 -0.00001  0.       0.00004  0.       0.00005]
   [ 0.       0.       0.00043  0.       0.       0.       0.00015  0.       0.       0.       0.       0.       0.     ]
   [-0.00003 -0.00005  0.       0.00044  0.00001 -0.00003  0.       0.00015  0.       0.       0.00001 -0.      -0.00002]
   [-0.00002 -0.00004  0.       0.00001  0.00043 -0.00003  0.       0.       0.00015 -0.      -0.00002 -0.      -0.00002]
   [ 0.00012  0.00028  0.      -0.00003 -0.00003  0.00026  0.      -0.00002 -0.00001  0.00001  0.00006  0.00001  0.00006]
   [ 0.       0.       0.00015  0.       0.       0.       0.00018  0.       0.       0.       0.       0.       0.     ]
   [-0.      -0.00002  0.       0.00015  0.      -0.00002  0.       0.00018  0.       0.00002  0.00004 -0.00002 -0.00005]
   [-0.      -0.00001  0.       0.       0.00015 -0.00001  0.       0.       0.00018 -0.00002 -0.00004 -0.00002 -0.00004]
   [ 0.       0.       0.       0.      -0.       0.00001  0.       0.00002 -0.00002  0.0001   0.00006  0.       0.     ]
   [ 0.00001  0.00004  0.       0.00001 -0.00002  0.00006  0.       0.00004 -0.00004  0.00006  0.0001   0.       0.00002]
   [ 0.       0.       0.      -0.      -0.       0.00001  0.      -0.00002 -0.00002  0.       0.       0.00011  0.00007]
   [ 0.00002  0.00005  0.      -0.00002 -0.00002  0.00006  0.      -0.00005 -0.00004  0.       0.00002  0.00007  0.00011]]

  [[ 0.06274  0.01019  0.      -0.00053 -0.00044  0.00825  0.      -0.00005 -0.00004  0.00001  0.00097  0.00002  0.00098]
   [ 0.01019  0.0253   0.      -0.00086 -0.00072  0.01693  0.      -0.00025 -0.00021  0.00016  0.00257  0.00017  0.00262]
   [ 0.       0.       0.0269   0.       0.       0.       0.00921  0.       0.       0.       0.       0.       0.     ]
   [-0.00053 -0.00086  0.       0.02695  0.00005 -0.00054  0.       0.00922  0.00001  0.00019  0.00107 -0.00021 -0.00124]
   [-0.00044 -0.00072  0.       0.00005  0.02694 -0.00045  0.       0.00001  0.00922 -0.00017 -0.00102 -0.00017 -0.00104]
   [ 0.00825  0.01693  0.      -0.00054 -0.00045  0.01598  0.      -0.00025 -0.00021  0.00076  0.00364  0.00079  0.00372]
   [ 0.       0.       0.00921  0.       0.       0.       0.01097  0.       0.       0.       0.       0.       0.     ]
   [-0.00005 -0.00025  0.       0.00922  0.00001 -0.00025  0.       0.01098  0.00001  0.00132  0.00261 -0.00136 -0.00275]
   [-0.00004 -0.00021  0.       0.00001  0.00922 -0.00021  0.       0.00001  0.01098 -0.00111 -0.00227 -0.00114 -0.0023 ]
   [ 0.00001  0.00016  0.       0.00019 -0.00017  0.00076  0.       0.00132 -0.00111  0.00594  0.00391  0.       0.00016]
   [ 0.00097  0.00257  0.       0.00107 -0.00102  0.00364  0.       0.00261 -0.00227  0.00391  0.00589  0.00016  0.00104]
   [ 0.00002  0.00017  0.      -0.00021 -0.00017  0.00079  0.      -0.00136 -0.00114  0.       0.00016  0.00608  0.004  ]
   [ 0.00098  0.00262  0.      -0.00124 -0.00104  0.00372  0.      -0.00275 -0.0023   0.00016  0.00104  0.004    0.00602]]]


 [[[ 0.59838  0.11285  0.       0.       0.       0.08664  0.       0.       0.       0.00016  0.01019  0.00016  0.01019]
   [ 0.11285  0.29498  0.       0.      -0.       0.19741  0.       0.       0.       0.00189  0.03007  0.00189  0.03007]
   [ 0.       0.       0.31085  0.       0.       0.       0.10782  0.       0.       0.       0.       0.       0.     ]
   [ 0.       0.       0.       0.31085  0.       0.       0.       0.10782  0.       0.00232  0.01343 -0.00232 -0.01343]
   [ 0.      -0.       0.       0.       0.31085  0.       0.       0.       0.10782 -0.00195 -0.01127 -0.00195 -0.01127]
   [ 0.08664  0.19741  0.       0.       0.       0.18649  0.       0.       0.       0.00901  0.04278  0.00901  0.04278]
   [ 0.       0.       0.10782  0.       0.       0.       0.12892  0.       0.       0.       0.       0.       0.     ]
   [ 0.       0.       0.       0.10782  0.       0.       0.       0.12892  0.       0.01557  0.03129 -0.01557 -0.03129]
   [ 0.       0.       0.       0.       0.10782  0.       0.       0.       0.12892 -0.01306 -0.02625 -0.01306 -0.02625]
   [ 0.00016  0.00189  0.       0.00232 -0.00195  0.00901  0.       0.01557 -0.01306  0.07002  0.04609  0.00002  0.00188]
   [ 0.01019  0.03007  0.       0.01343 -0.01127  0.04278  0.       0.03129 -0.02625  0.04609  0.06941  0.00188  0.01201]
   [ 0.00016  0.00189  0.      -0.00232 -0.00195  0.00901  0.      -0.01557 -0.01306  0.00002  0.00188  0.07002  0.04609]
   [ 0.01019  0.03007  0.      -0.01343 -0.01127  0.04278  0.      -0.03129 -0.02625  0.00188  0.01201  0.04609  0.06941]]

  [[ 1.31144  0.29498  0.       0.       0.       0.21339  0.       0.       0.       0.00041  0.0253   0.00041  0.0253 ]
   [ 0.29498  1.02968  0.       0.      -0.       0.71591  0.       0.       0.       0.00767  0.11232  0.00767  0.11232]
   [ 0.       0.       1.03921  0.       0.       0.       0.41435  0.       0.       0.       0.       0.       0.     ]
   [ 0.       0.       0.       1.03921  0.       0.       0.       0.41435  0.       0.00958  0.05279 -0.00958 -0.05279]
   [ 0.      -0.       0.       0.       1.03921  0.       0.       0.       0.41435 -0.00804 -0.04429 -0.00804 -0.04429]
   [ 0.21339  0.71591  0.       0.       0.       0.72249  0.       0.       0.       0.03832  0.17342  0.03832  0.17342]
   [ 0.       0.       0.41435  0.       0.       0.       0.54072  0.       0.       0.       0.       0.       0.     ]
   [ 0.       0.       0.       0.41435  0.       0.       0.       0.54072  0.       0.0665   0.13273 -0.0665  -0.13273]
   [ 0.       0.       0.       0.       0.41435  0.       0.       0.       0.54072 -0.05579 -0.11134 -0.05579 -0.11134]
   [ 0.00041  0.00767  0.       0.00958 -0.00804  0.03832  0.       0.0665  -0.05579  0.29964  0.19718  0.00007  0.00803]
   [ 0.0253   0.11232  0.       0.05279 -0.04429  0.17342  0.       0.13273 -0.11134  0.19718  0.29553  0.00803  0.05017]
   [ 0.00041  0.00767  0.      -0.00958 -0.00804  0.03832  0.      -0.0665  -0.05579  0.00007  0.00803  0.29964  0.19718]
   [ 0.0253   0.11232  0.      -0.05279 -0.04429  0.17342  0.      -0.13273 -0.11134  0.00803  0.05017  0.19718  0.29553]]

  [[ 0.       0.       0.07436  0.       0.       0.       0.00895  0.       0.       0.       0.       0.       0.     ]
   [ 0.       0.       0.23307  0.       0.       0.       0.08865  0.       0.       0.       0.       0.       0.     ]
   [ 0.07436  0.23307  0.       0.      -0.       0.15979  0.       0.      -0.       0.00074  0.02288  0.00074  0.02288]
   [ 0.       0.       0.       0.       0.       0.       0.       0.       0.       0.       0.       0.       0.     ]
   [ 0.       0.      -0.       0.       0.       0.      -0.       0.       0.       0.       0.       0.       0.     ]
   [ 0.       0.       0.15979  0.       0.       0.       0.10344  0.       0.       0.       0.       0.       0.     ]
   [ 0.00895  0.08865  0.       0.      -0.       0.10344  0.       0.      -0.       0.00177  0.02184  0.00177  0.02184]
   [ 0.       0.       0.       0.       0.       0.       0.       0.       0.       0.       0.       0.       0.     ]
   [ 0.       0.      -0.       0.       0.       0.      -0.       0.       0.       0.       0.       0.       0.     ]
   [ 0.       0.       0.00074  0.       0.       0.       0.00177  0.       0.       0.       0.       0.       0.     ]
   [ 0.       0.       0.02288  0.       0.       0.       0.02184  0.       0.       0.       0.       0.       0.     ]
   [ 0.       0.       0.00074  0.       0.       0.       0.00177  0.       0.       0.       0.       0.       0.     ]
   [ 0.       0.       0.02288  0.       0.       0.       0.02184  0.       0.       0.       0.       0.       0.     ]]

  [[ 0.       0.       0.       0.07436  0.       0.       0.       0.00895  0.       0.00005  0.00086 -0.00005 -0.00086]
   [ 0.       0.       0.       0.23307  0.       0.       0.       0.08865  0.       0.00159  0.01062 -0.00159 -0.01062]
   [ 0.       0.       0.       0.       0.       0.       0.       0.       0.       0.       0.       0.       0.     ]
   [ 0.07436  0.23307  0.       0.      -0.       0.15979  0.       0.      -0.       0.00234  0.02631  0.00234  0.02631]
   [ 0.       0.       0.      -0.       0.       0.       0.      -0.       0.      -0.00134 -0.00288  0.00134  0.00288]
   [ 0.       0.       0.       0.15979  0.       0.       0.       0.10344  0.       0.00578  0.01733 -0.00578 -0.01733]
   [ 0.       0.       0.       0.       0.       0.       0.       0.       0.       0.       0.       0.       0.     ]
   [ 0.00895  0.08865  0.       0.      -0.       0.10344  0.       0.      -0.       0.01008  0.03094  0.01008  0.03094]
   [ 0.       0.       0.      -0.       0.       0.       0.      -0.       0.      -0.00697 -0.00764  0.00697  0.00764]
   [ 0.00005  0.00159  0.       0.00234 -0.00134  0.00578  0.       0.01008 -0.00697  0.03411  0.02237  0.       0.00085]
   [ 0.00086  0.01062  0.       0.02631 -0.00288  0.01733  0.       0.03094 -0.00764  0.02237  0.03075 -0.00085  0.     ]
   [-0.00005 -0.00159  0.       0.00234  0.00134 -0.00578  0.       0.01008  0.00697  0.      -0.00085 -0.03411 -0.02237]
   [-0.00086 -0.01062  0.       0.02631  0.00288 -0.01733  0.       0.03094  0.00764  0.00085  0.      -0.02237 -0.03075]]

  [[-0.      -0.       0.       0.       0.07436 -0.       0.       0.       0.00895 -0.00004 -0.00072 -0.00004 -0.00072]
   [-0.      -0.       0.       0.       0.23307 -0.       0.       0.       0.08865 -0.00133 -0.00891 -0.00133 -0.00891]
   [ 0.       0.      -0.       0.       0.       0.      -0.       0.       0.       0.       0.       0.       0.     ]
   [ 0.       0.       0.      -0.       0.       0.       0.      -0.       0.      -0.00134 -0.00288  0.00134  0.00288]
   [ 0.07436  0.23307  0.       0.      -0.       0.15979  0.       0.      -0.       0.00187  0.02529  0.00187  0.02529]
   [-0.      -0.       0.       0.       0.15979 -0.       0.       0.       0.10344 -0.00485 -0.01454 -0.00485 -0.01454]
   [ 0.       0.      -0.       0.       0.       0.      -0.       0.       0.       0.       0.       0.       0.     ]
   [ 0.       0.       0.      -0.       0.       0.       0.      -0.       0.      -0.00697 -0.00764  0.00697  0.00764]
   [ 0.00895  0.08865  0.       0.      -0.       0.10344  0.       0.      -0.       0.00761  0.02824  0.00761  0.02824]
   [-0.00004 -0.00133  0.      -0.00134  0.00187 -0.00485  0.      -0.00697  0.00761 -0.02862 -0.01877 -0.00002 -0.00117]
   [-0.00072 -0.00891  0.      -0.00288  0.02529 -0.01454  0.      -0.00764  0.02824 -0.01877 -0.0258  -0.00117 -0.00709]
   [-0.00004 -0.00133  0.       0.00134  0.00187 -0.00485  0.       0.00697  0.00761 -0.00002 -0.00117 -0.02862 -0.01877]
   [-0.00072 -0.00891  0.       0.00288  0.02529 -0.01454  0.       0.00764  0.02824 -0.00117 -0.00709 -0.01877 -0.0258 ]]

  [[ 0.87506  0.19741  0.       0.      -0.       0.14272  0.       0.       0.       0.00028  0.01693  0.00028  0.01693]
   [ 0.19741  0.71591  0.       0.      -0.       0.50513  0.       0.       0.       0.00564  0.08005  0.00564  0.08005]
   [ 0.       0.       0.72033  0.       0.       0.       0.298    0.       0.       0.       0.       0.       0.     ]
   [ 0.       0.       0.       0.72033  0.       0.       0.       0.298    0.       0.00711  0.03833 -0.00711 -0.03833]
   [-0.      -0.       0.       0.       0.72033  0.       0.       0.       0.298   -0.00597 -0.03216 -0.00597 -0.03216]
   [ 0.14272  0.50513  0.       0.       0.       0.52514  0.       0.       0.       0.02908  0.1286   0.02908  0.1286 ]
   [ 0.       0.       0.298    0.       0.       0.       0.40539  0.       0.       0.       0.       0.       0.     ]
   [ 0.       0.       0.       0.298    0.       0.       0.       0.40539  0.       0.05065  0.10045 -0.05065 -0.10045]
   [ 0.       0.       0.       0.       0.298    0.       0.       0.       0.40539 -0.04249 -0.08427 -0.04249 -0.08427]
   [ 0.00028  0.00564  0.       0.00711 -0.00597  0.02908  0.       0.05065 -0.04249  0.22879  0.1505   0.00005  0.00611]
   [ 0.01693  0.08005  0.       0.03833 -0.03216  0.1286   0.       0.10045 -0.08427  0.1505   0.22489  0.00611  0.03778]
   [ 0.00028  0.00564  0.      -0.00711 -0.00597  0.02908  0.      -0.05065 -0.04249  0.00005  0.00611  0.22879  0.1505 ]
   [ 0.01693  0.08005  0.      -0.03833 -0.03216  0.1286   0.      -0.10045 -0.08427  0.00611  0.03778  0.1505   0.22489]]

  [[ 0.       0.       0.02017  0.       0.       0.       0.00261  0.       0.       0.       0.       0.       0.     ]
   [ 0.       0.       0.08865  0.       0.       0.       0.04024  0.       0.       0.       0.       0.       0.     ]
   [ 0.02017  0.08865  0.       0.      -0.       0.06652  0.       0.       0.       0.00037  0.00999  0.00037  0.00999]
   [ 0.       0.       0.       0.       0.       0.       0.       0.       0.       0.       0.       0.       0.     ]
   [ 0.       0.      -0.       0.       0.       0.       0.       0.       0.       0.       0.       0.       0.     ]
   [ 0.       0.       0.06652  0.       0.       0.       0.0553   0.       0.       0.       0.       0.       0.     ]
   [ 0.00261  0.04024  0.       0.       0.       0.0553   0.       0.       0.       0.00111  0.01255  0.00111  0.01255]
   [ 0.       0.       0.       0.       0.       0.       0.       0.       0.       0.       0.       0.       0.     ]
   [ 0.       0.       0.       0.       0.       0.       0.       0.       0.       0.       0.       0.       0.     ]
   [ 0.       0.       0.00037  0.       0.       0.       0.00111  0.       0.       0.       0.       0.       0.     ]
   [ 0.       0.       0.00999  0.       0.       0.       0.01255  0.       0.       0.       0.       0.       0.     ]
   [ 0.       0.       0.00037  0.       0.       0.       0.00111  0.       0.       0.       0.       0.       0.     ]
   [ 0.       0.       0.00999  0.       0.       0.       0.01255  0.       0.       0.       0.       0.       0.     ]]

  [[ 0.       0.       0.       0.02017  0.       0.       0.       0.00261  0.       0.00002  0.00025 -0.00002 -0.00025]
   [ 0.       0.       0.       0.08865  0.       0.       0.       0.04024  0.       0.00084  0.00503 -0.00084 -0.00503]
   [ 0.       0.       0.       0.       0.       0.       0.       0.       0.       0.       0.       0.       0.     ]
   [ 0.02017  0.08865  0.       0.      -0.       0.06652  0.       0.       0.       0.00127  0.01177  0.00127  0.01177]
   [ 0.       0.       0.      -0.       0.       0.       0.       0.       0.      -0.00075 -0.0015   0.00075  0.0015 ]
   [ 0.       0.       0.       0.06652  0.       0.       0.       0.0553   0.       0.00363  0.00996 -0.00363 -0.00996]
   [ 0.       0.       0.       0.       0.       0.       0.       0.       0.       0.       0.       0.       0.     ]
   [ 0.00261  0.04024  0.       0.       0.       0.0553   0.       0.       0.       0.00649  0.01828  0.00649  0.01828]
   [ 0.       0.       0.       0.       0.       0.       0.       0.       0.      -0.00451 -0.00481  0.00451  0.00481]
   [ 0.00002  0.00084  0.       0.00127 -0.00075  0.00363  0.       0.00649 -0.00451  0.0226   0.01474  0.       0.00054]
   [ 0.00025  0.00503  0.       0.01177 -0.0015   0.00996  0.       0.01828 -0.00481  0.01474  0.01979 -0.00054  0.     ]
   [-0.00002 -0.00084  0.       0.00127  0.00075 -0.00363  0.       0.00649  0.00451  0.      -0.00054 -0.0226  -0.01474]
   [-0.00025 -0.00503  0.       0.01177  0.0015  -0.00996  0.       0.01828  0.00481  0.00054  0.      -0.01474 -0.01979]]

  [[ 0.       0.       0.       0.       0.02017  0.       0.       0.       0.00261 -0.00001 -0.00021 -0.00001 -0.00021]
   [ 0.       0.       0.       0.       0.08865  0.       0.       0.       0.04024 -0.0007  -0.00422 -0.0007  -0.00422]
   [ 0.       0.      -0.       0.       0.       0.       0.       0.       0.       0.       0.       0.       0.     ]
   [ 0.       0.       0.      -0.       0.       0.       0.       0.       0.      -0.00075 -0.0015   0.00075  0.0015 ]
   [ 0.02017  0.08865  0.       0.      -0.       0.06652  0.       0.       0.       0.001    0.01124  0.001    0.01124]
   [ 0.       0.       0.       0.       0.06652  0.       0.       0.       0.0553  -0.00305 -0.00835 -0.00305 -0.00835]
   [ 0.       0.       0.       0.       0.       0.       0.       0.       0.       0.       0.       0.       0.     ]
   [ 0.       0.       0.       0.       0.       0.       0.       0.       0.      -0.00451 -0.00481  0.00451  0.00481]
   [ 0.00261  0.04024  0.       0.       0.       0.0553   0.       0.       0.       0.00489  0.01658  0.00489  0.01658]
   [-0.00001 -0.0007   0.      -0.00075  0.001   -0.00305  0.      -0.00451  0.00489 -0.01896 -0.01237 -0.00001 -0.00075]
   [-0.00021 -0.00422  0.      -0.0015   0.01124 -0.00835  0.      -0.00481  0.01658 -0.01237 -0.0166  -0.00075 -0.00434]
   [-0.00001 -0.0007   0.       0.00075  0.001   -0.00305  0.       0.00451  0.00489 -0.00001 -0.00075 -0.01896 -0.01237]
   [-0.00021 -0.00422  0.       0.0015   0.01124 -0.00835  0.       0.00481  0.01658 -0.00075 -0.00434 -0.01237 -0.0166 ]]

  [[ 0.00813  0.00189  0.       0.00029 -0.00024  0.00135  0.       0.00004 -0.00003  0.       0.00017  0.       0.00016]
   [ 0.00189  0.00767  0.       0.00159 -0.00133  0.00564  0.       0.00084 -0.0007   0.00013  0.00114  0.00006  0.00088]
   [ 0.       0.       0.00735  0.       0.       0.       0.00331  0.       0.       0.       0.       0.       0.     ]
   [ 0.00029  0.00159  0.       0.00789 -0.00045  0.00131  0.       0.00367 -0.0003   0.00017  0.00082 -0.00007 -0.00023]
   [-0.00024 -0.00133  0.      -0.00045  0.00773 -0.0011   0.      -0.0003   0.00356 -0.00014 -0.00068 -0.00007 -0.00051]
   [ 0.00135  0.00564  0.       0.00131 -0.0011   0.00643  0.       0.0014  -0.00117  0.00072  0.00225  0.00035  0.00156]
   [ 0.       0.       0.00331  0.       0.       0.       0.0051   0.       0.       0.       0.       0.       0.     ]
   [ 0.00004  0.00084  0.       0.00367 -0.0003   0.0014   0.       0.0057  -0.00051  0.00126  0.00227 -0.0006  -0.00096]
   [-0.00003 -0.0007   0.      -0.0003   0.00356 -0.00117  0.      -0.00051  0.00552 -0.00106 -0.0019  -0.00054 -0.00131]
   [ 0.       0.00013  0.       0.00017 -0.00014  0.00072  0.       0.00126 -0.00106  0.0054   0.00348  0.       0.00014]
   [ 0.00017  0.00114  0.       0.00082 -0.00068  0.00225  0.       0.00227 -0.0019   0.00348  0.00471  0.00008  0.00063]
   [ 0.       0.00006  0.      -0.00007 -0.00007  0.00035  0.      -0.0006  -0.00054  0.       0.00008  0.00291  0.00192]
   [ 0.00016  0.00088  0.      -0.00023 -0.00051  0.00156  0.      -0.00096 -0.00131  0.00014  0.00063  0.00192  0.0029 ]]

  [[ 0.13228  0.03007  0.       0.00228 -0.00191  0.02169  0.       0.0003  -0.00025  0.00005  0.00262  0.00004  0.00257]
   [ 0.03007  0.11232  0.       0.01062 -0.00891  0.08005  0.       0.00503 -0.00422  0.00114  0.01392  0.00088  0.01256]
   [ 0.       0.       0.11201  0.       0.       0.       0.04742  0.       0.       0.       0.       0.       0.     ]
   [ 0.00228  0.01062  0.       0.11332 -0.0011   0.00817  0.       0.04819 -0.00064  0.00146  0.00797 -0.00107 -0.00486]
   [-0.00191 -0.00891  0.      -0.0011   0.11293 -0.00686  0.      -0.00064  0.04796 -0.00123 -0.00669 -0.00097 -0.00611]
   [ 0.02169  0.08005  0.       0.00817 -0.00686  0.08503  0.       0.00729 -0.00612  0.00587  0.0236   0.00466  0.02067]
   [ 0.       0.       0.04742  0.       0.       0.       0.0665   0.       0.       0.       0.       0.       0.     ]
   [ 0.0003   0.00503  0.       0.04819 -0.00064  0.00729  0.       0.0676  -0.00092  0.0102   0.02017 -0.00804 -0.01475]
   [-0.00025 -0.00422  0.      -0.00064  0.04796 -0.00612  0.      -0.00092  0.06728 -0.00856 -0.01692 -0.00698 -0.01511]
   [ 0.00005  0.00114  0.       0.00146 -0.00123  0.00587  0.       0.0102  -0.00856  0.0449   0.02945  0.00001  0.00121]
   [ 0.00262  0.01392  0.       0.00797 -0.00669  0.0236   0.       0.02017 -0.01692  0.02945  0.04306  0.00102  0.0068 ]
   [ 0.00004  0.00088  0.      -0.00107 -0.00097  0.00466  0.      -0.00804 -0.00698  0.00001  0.00102  0.03723  0.02449]
   [ 0.00257  0.01256  0.      -0.00486 -0.00611  0.02067  0.      -0.01475 -0.01511  0.00121  0.0068   0.02449  0.03669]]

  [[ 0.00813  0.00189  0.      -0.00029 -0.00024  0.00135  0.      -0.00004 -0.00003  0.       0.00016  0.       0.00017]
   [ 0.00189  0.00767  0.      -0.00159 -0.00133  0.00564  0.      -0.00084 -0.0007   0.00006  0.00088  0.00013  0.00114]
   [ 0.       0.       0.00735  0.       0.       0.       0.00331  0.       0.       0.       0.       0.       0.     ]
   [-0.00029 -0.00159  0.       0.00789  0.00045 -0.00131  0.       0.00367  0.0003   0.00007  0.00023 -0.00017 -0.00082]
   [-0.00024 -0.00133  0.       0.00045  0.00773 -0.0011   0.       0.0003   0.00356 -0.00007 -0.00051 -0.00014 -0.00068]
   [ 0.00135  0.00564  0.      -0.00131 -0.0011   0.00643  0.      -0.0014  -0.00117  0.00035  0.00156  0.00072  0.00225]
   [ 0.       0.       0.00331  0.       0.       0.       0.0051   0.       0.       0.       0.       0.       0.     ]
   [-0.00004 -0.00084  0.       0.00367  0.0003  -0.0014   0.       0.0057   0.00051  0.0006   0.00096 -0.00126 -0.00227]
   [-0.00003 -0.0007   0.       0.0003   0.00356 -0.00117  0.       0.00051  0.00552 -0.00054 -0.00131 -0.00106 -0.0019 ]
   [ 0.       0.00006  0.       0.00007 -0.00007  0.00035  0.       0.0006  -0.00054  0.00291  0.00192  0.       0.00008]
   [ 0.00016  0.00088  0.       0.00023 -0.00051  0.00156  0.       0.00096 -0.00131  0.00192  0.0029   0.00014  0.00063]
   [ 0.       0.00013  0.      -0.00017 -0.00014  0.00072  0.      -0.00126 -0.00106  0.       0.00014  0.0054   0.00348]
   [ 0.00017  0.00114  0.      -0.00082 -0.00068  0.00225  0.      -0.00227 -0.0019   0.00008  0.00063  0.00348  0.00471]]

  [[ 0.13228  0.03007  0.      -0.00228 -0.00191  0.02169  0.      -0.0003  -0.00025  0.00004  0.00257  0.00005  0.00262]
   [ 0.03007  0.11232  0.      -0.01062 -0.00891  0.08005  0.      -0.00503 -0.00422  0.00088  0.01256  0.00114  0.01392]
