[[[[ 2.45343  0.28287  0.       0.       0.       0.32321  0.       0.       0.       0.04384  0.1094   0.04384  0.1094 ]
   [ 0.28287  0.73943  0.       0.      -0.       0.49243  0.       0.       0.       0.10305  0.19498  0.10305  0.19498]
   [ 0.       0.       0.80045  0.       0.       0.       0.27637  0.       0.       0.       0.       0.       0.     ]
   [ 0.       0.       0.       0.80045  0.       0.       0.       0.27637  0.       0.08614  0.04687 -0.08614 -0.04687]
   [ 0.      -0.       0.       0.       0.80045  0.       0.       0.       0.27637 -0.07226 -0.03932 -0.07226 -0.03932]
   [ 0.32321  0.49243  0.       0.       0.       0.48221  0.       0.      -0.       0.14468  0.24404  0.14468  0.24404]
   [ 0.       0.       0.27637  0.       0.       0.       0.32508  0.       0.       0.       0.       0.       0.     ]
   [ 0.       0.       0.       0.27637  0.       0.       0.       0.32508  0.       0.13468  0.09138 -0.13468 -0.09138]
   [ 0.       0.       0.       0.       0.27637 -0.       0.       0.       0.32508 -0.11298 -0.07666 -0.11298 -0.07666]
   [ 0.04384  0.10305  0.       0.08614 -0.07226  0.14468  0.       0.13468 -0.11298  0.28271  0.18051  0.01711  0.07109]
   [ 0.1094   0.19498  0.       0.04687 -0.03932  0.24404  0.       0.09138 -0.07666  0.18051  0.24553  0.07109  0.15003]
   [ 0.04384  0.10305  0.      -0.08614 -0.07226  0.14468  0.      -0.13468 -0.11298  0.01711  0.07109  0.28271  0.18051]
   [ 0.1094   0.19498  0.      -0.04687 -0.03932  0.24404  0.      -0.09138 -0.07666  0.07109  0.15003  0.18051  0.24553]]

  [[ 0.28287  0.04935  0.       0.       0.       0.04684  0.       0.       0.       0.00647  0.01594  0.00647  0.01594]
   [ 0.04935  0.15074  0.       0.      -0.       0.10012  0.       0.       0.       0.02115  0.0398   0.02115  0.0398 ]
   [ 0.       0.       0.15679  0.       0.       0.       0.05669  0.       0.       0.       0.       0.       0.     ]
   [ 0.       0.       0.       0.15679  0.       0.       0.       0.05669  0.       0.01775  0.00965 -0.01775 -0.00965]
   [ 0.      -0.       0.       0.       0.15679  0.       0.       0.       0.05669 -0.01489 -0.00809 -0.01489 -0.00809]
   [ 0.04684  0.10012  0.       0.       0.       0.09779  0.       0.       0.       0.02985  0.05001  0.02985  0.05001]
   [ 0.       0.       0.05669  0.       0.       0.       0.06788  0.       0.       0.       0.       0.       0.     ]
   [ 0.       0.       0.       0.05669  0.       0.       0.       0.06788  0.       0.02815  0.0191  -0.02815 -0.0191 ]
   [ 0.       0.       0.       0.       0.05669  0.       0.       0.       0.06788 -0.02361 -0.01602 -0.02361 -0.01602]
   [ 0.00647  0.02115  0.       0.01775 -0.01489  0.02985  0.       0.02815 -0.02361  0.05908  0.03762  0.00352  0.01473]
   [ 0.01594  0.0398   0.       0.00965 -0.00809  0.05001  0.       0.0191  -0.01602  0.03762  0.05101  0.01473  0.03103]
   [ 0.00647  0.02115  0.      -0.01775 -0.01489  0.02985  0.      -0.02815 -0.02361  0.00352  0.01473  0.05908  0.03762]
   [ 0.01594  0.0398   0.      -0.00965 -0.00809  0.05001  0.      -0.0191  -0.01602  0.01473  0.03103  0.03762  0.05101]]

  [[ 0.       0.       0.03436  0.       0.       0.       0.00378  0.       0.       0.       0.       0.       0.     ]
   [ 0.       0.       0.04246  0.       0.       0.       0.01223  0.       0.       0.       0.       0.       0.     ]
   [ 0.03436  0.04246  0.       0.      -0.       0.02798  0.       0.       0.       0.00416  0.01048  0.00416  0.01048]
   [ 0.       0.       0.       0.       0.       0.       0.       0.       0.       0.       0.       0.       0.     ]
   [ 0.       0.      -0.       0.       0.       0.       0.       0.       0.       0.       0.       0.       0.     ]
   [ 0.       0.       0.02798  0.       0.       0.       0.01197  0.       0.       0.       0.       0.       0.     ]
   [ 0.00378  0.01223  0.       0.       0.       0.01197  0.       0.       0.       0.00218  0.00587  0.00218  0.00587]
   [ 0.       0.       0.       0.       0.       0.       0.       0.       0.       0.       0.       0.       0.     ]
   [ 0.       0.       0.       0.       0.       0.       0.       0.       0.       0.       0.       0.       0.     ]
   [ 0.       0.       0.00416  0.       0.       0.       0.00218  0.       0.       0.       0.       0.       0.     ]
   [ 0.       0.       0.01048  0.       0.       0.       0.00587  0.       0.       0.       0.       0.       0.     ]
   [ 0.       0.       0.00416  0.       0.       0.       0.00218  0.       0.       0.       0.       0.       0.     ]
   [ 0.       0.       0.01048  0.       0.       0.       0.00587  0.       0.       0.       0.       0.       0.     ]]

  [[ 0.       0.       0.       0.03436  0.       0.       0.       0.00378  0.       0.00091  0.00052 -0.00091 -0.00052]
   [ 0.       0.       0.       0.04246  0.       0.       0.       0.01223  0.       0.00354  0.00194 -0.00354 -0.00194]
   [ 0.       0.       0.       0.       0.       0.       0.       0.       0.       0.       0.       0.       0.     ]
   [ 0.03436  0.04246  0.       0.      -0.       0.02798  0.       0.       0.       0.00617  0.01077  0.00617  0.01077]
   [ 0.       0.       0.      -0.       0.       0.       0.       0.       0.      -0.00169 -0.00024  0.00169  0.00024]
   [ 0.       0.       0.       0.02798  0.       0.       0.       0.01197  0.       0.00411  0.00238 -0.00411 -0.00238]
   [ 0.       0.       0.       0.       0.       0.       0.       0.       0.       0.       0.       0.       0.     ]
   [ 0.00378  0.01223  0.       0.       0.       0.01197  0.       0.       0.       0.00489  0.00643  0.00489  0.00643]
   [ 0.       0.       0.       0.       0.       0.       0.       0.       0.      -0.00228 -0.00047  0.00228  0.00047]
   [ 0.00091  0.00354  0.       0.00617 -0.00169  0.00411  0.       0.00489 -0.00228  0.0078   0.00457  0.       0.0015 ]
   [ 0.00052  0.00194  0.       0.01077 -0.00024  0.00238  0.       0.00643 -0.00047  0.00457  0.00378 -0.0015   0.     ]
   [-0.00091 -0.00354  0.       0.00617  0.00169 -0.00411  0.       0.00489  0.00228  0.      -0.0015  -0.0078  -0.00457]
   [-0.00052 -0.00194  0.       0.01077  0.00024 -0.00238  0.       0.00643  0.00047  0.0015   0.      -0.00457 -0.00378]]

  [[ 0.       0.       0.       0.       0.03436  0.       0.       0.       0.00378 -0.00076 -0.00044 -0.00076 -0.00044]
   [ 0.       0.       0.       0.       0.04246  0.       0.       0.       0.01223 -0.00297 -0.00163 -0.00297 -0.00163]
   [ 0.       0.       0.       0.       0.       0.       0.       0.       0.       0.       0.       0.       0.     ]
   [ 0.       0.       0.       0.       0.       0.       0.       0.       0.      -0.00169 -0.00024  0.00169  0.00024]
   [ 0.03436  0.04246  0.       0.      -0.       0.02798  0.       0.       0.       0.00557  0.01068  0.00557  0.01068]
   [ 0.       0.       0.       0.       0.02798  0.       0.       0.       0.01197 -0.00345 -0.002   -0.00345 -0.002  ]
   [ 0.       0.       0.       0.       0.       0.       0.       0.       0.       0.       0.       0.       0.     ]
   [ 0.       0.       0.       0.       0.       0.       0.       0.       0.      -0.00228 -0.00047  0.00228  0.00047]
   [ 0.00378  0.01223  0.       0.       0.       0.01197  0.       0.       0.       0.00409  0.00627  0.00409  0.00627]
   [-0.00076 -0.00297  0.      -0.00169  0.00557 -0.00345  0.      -0.00228  0.00409 -0.00654 -0.00384 -0.00073 -0.00194]
   [-0.00044 -0.00163  0.      -0.00024  0.01068 -0.002    0.      -0.00047  0.00627 -0.00384 -0.00317 -0.00194 -0.00231]
   [-0.00076 -0.00297  0.       0.00169  0.00557 -0.00345  0.       0.00228  0.00409 -0.00073 -0.00194 -0.00654 -0.00384]
   [-0.00044 -0.00163  0.       0.00024  0.01068 -0.002    0.       0.00047  0.00627 -0.00194 -0.00231 -0.00384 -0.00317]]

  [[ 0.32321  0.04684  0.       0.       0.       0.04814  0.       0.       0.       0.00659  0.01634  0.00659  0.01634]
   [ 0.04684  0.13339  0.       0.      -0.       0.0887   0.       0.       0.       0.01866  0.0352   0.01866  0.0352 ]
   [ 0.       0.       0.14115  0.       0.       0.       0.05003  0.       0.       0.       0.       0.       0.     ]
   [ 0.       0.       0.       0.14115  0.       0.       0.       0.05003  0.       0.01563  0.0085  -0.01563 -0.0085 ]
   [ 0.      -0.       0.       0.       0.14115  0.       0.       0.       0.05003 -0.01312 -0.00713 -0.01312 -0.00713]
   [ 0.04814  0.0887   0.       0.       0.       0.08669  0.       0.       0.       0.02627  0.04414  0.02627  0.04414]
   [ 0.       0.       0.05003  0.       0.       0.       0.05945  0.       0.       0.       0.       0.       0.     ]
   [ 0.       0.       0.       0.05003  0.       0.       0.       0.05945  0.       0.02464  0.01672 -0.02464 -0.01672]
   [ 0.       0.       0.       0.       0.05003  0.       0.       0.       0.05945 -0.02067 -0.01403 -0.02067 -0.01403]
   [ 0.00659  0.01866  0.       0.01563 -0.01312  0.02627  0.       0.02464 -0.02067  0.05172  0.03297  0.0031   0.01294]
   [ 0.01634  0.0352   0.       0.0085  -0.00713  0.04414  0.       0.01672 -0.01403  0.03297  0.04477  0.01294  0.02729]
   [ 0.00659  0.01866  0.      -0.01563 -0.01312  0.02627  0.      -0.02464 -0.02067  0.0031   0.01294  0.05172  0.03297]
   [ 0.01634  0.0352   0.      -0.0085  -0.00713  0.04414  0.      -0.01672 -0.01403  0.01294  0.02729  0.03297  0.04477]]

  [[ 0.       0.       0.00378  0.       0.       0.       0.00043  0.       0.       0.       0.       0.       0.     ]
   [ 0.       0.       0.00559  0.       0.       0.       0.00167  0.       0.       0.       0.       0.       0.     ]
   [ 0.00378  0.00559  0.       0.      -0.       0.00365  0.       0.       0.       0.00055  0.00138  0.00055  0.00138]
   [ 0.       0.       0.       0.       0.       0.       0.       0.       0.       0.       0.       0.       0.     ]
   [ 0.       0.      -0.       0.       0.       0.       0.       0.       0.       0.       0.       0.       0.     ]
   [ 0.       0.       0.00365  0.       0.       0.       0.00166  0.       0.       0.       0.       0.       0.     ]
   [ 0.00043  0.00167  0.       0.       0.       0.00166  0.       0.       0.       0.0003   0.00082  0.0003   0.00082]
   [ 0.       0.       0.       0.       0.       0.       0.       0.       0.       0.       0.       0.       0.     ]
   [ 0.       0.       0.       0.       0.       0.       0.       0.       0.       0.       0.       0.       0.     ]
   [ 0.       0.       0.00055  0.       0.       0.       0.0003   0.       0.       0.       0.       0.       0.     ]
   [ 0.       0.       0.00138  0.       0.       0.       0.00082  0.       0.       0.       0.       0.       0.     ]
   [ 0.       0.       0.00055  0.       0.       0.       0.0003   0.       0.       0.       0.       0.       0.     ]
   [ 0.       0.       0.00138  0.       0.       0.       0.00082  0.       0.       0.       0.       0.       0.     ]]

  [[ 0.       0.       0.       0.00378  0.       0.       0.       0.00043  0.       0.0001   0.00006 -0.0001  -0.00006]
   [ 0.       0.       0.       0.00559  0.       0.       0.       0.00167  0.       0.00049  0.00027 -0.00049 -0.00027]
   [ 0.       0.       0.       0.       0.       0.       0.       0.       0.       0.       0.       0.       0.     ]
   [ 0.00378  0.00559  0.       0.      -0.       0.00365  0.       0.       0.       0.00083  0.00142  0.00083  0.00142]
   [ 0.       0.       0.      -0.       0.       0.       0.       0.       0.      -0.00023 -0.00003  0.00023  0.00003]
   [ 0.       0.       0.       0.00365  0.       0.       0.       0.00166  0.       0.00057  0.00033 -0.00057 -0.00033]
   [ 0.       0.       0.       0.       0.       0.       0.       0.       0.       0.       0.       0.       0.     ]
   [ 0.00043  0.00167  0.       0.       0.       0.00166  0.       0.       0.       0.00069  0.0009   0.00069  0.0009 ]
   [ 0.       0.       0.       0.       0.       0.       0.       0.       0.      -0.00032 -0.00007  0.00032  0.00007]
   [ 0.0001   0.00049  0.       0.00083 -0.00023  0.00057  0.       0.00069 -0.00032  0.0011   0.00064  0.       0.00021]
   [ 0.00006  0.00027  0.       0.00142 -0.00003  0.00033  0.       0.0009  -0.00007  0.00064  0.00053 -0.00021  0.     ]
   [-0.0001  -0.00049  0.       0.00083  0.00023 -0.00057  0.       0.00069  0.00032  0.      -0.00021 -0.0011  -0.00064]
   [-0.00006 -0.00027  0.       0.00142  0.00003 -0.00033  0.       0.0009   0.00007  0.00021  0.      -0.00064 -0.00053]]

  [[ 0.       0.       0.       0.       0.00378  0.       0.       0.       0.00043 -0.00009 -0.00005 -0.00009 -0.00005]
   [ 0.       0.       0.       0.       0.00559  0.       0.       0.       0.00167 -0.00041 -0.00022 -0.00041 -0.00022]
   [ 0.       0.       0.       0.       0.       0.       0.       0.       0.       0.       0.       0.       0.     ]
   [ 0.       0.       0.       0.       0.       0.       0.       0.       0.      -0.00023 -0.00003  0.00023  0.00003]
   [ 0.00378  0.00559  0.       0.       0.       0.00365  0.       0.       0.       0.00074  0.00141  0.00074  0.00141]
   [ 0.       0.       0.       0.       0.00365  0.       0.       0.       0.00166 -0.00048 -0.00028 -0.00048 -0.00028]
   [ 0.       0.       0.       0.       0.       0.       0.       0.       0.       0.       0.       0.       0.     ]
   [ 0.       0.       0.       0.       0.       0.       0.       0.       0.      -0.00032 -0.00007  0.00032  0.00007]
   [ 0.00043  0.00167  0.       0.       0.       0.00166  0.       0.       0.       0.00057  0.00087  0.00057  0.00087]
   [-0.00009 -0.00041  0.      -0.00023  0.00074 -0.00048  0.      -0.00032  0.00057 -0.00092 -0.00054 -0.0001  -0.00027]
   [-0.00005 -0.00022  0.      -0.00003  0.00141 -0.00028  0.      -0.00007  0.00087 -0.00054 -0.00045 -0.00027 -0.00032]
   [-0.00009 -0.00041  0.       0.00023  0.00074 -0.00048  0.       0.00032  0.00057 -0.0001  -0.00027 -0.00092 -0.00054]
   [-0.00005 -0.00022  0.       0.00003  0.00141 -0.00028  0.       0.00007  0.00087 -0.00027 -0.00032 -0.00054 -0.00045]]

  [[ 0.04384  0.00647  0.       0.00091 -0.00076  0.00659  0.       0.0001  -0.00009  0.00095  0.00226  0.0009   0.00223]
   [ 0.00647  0.01864  0.       0.00137 -0.00115  0.0124   0.       0.00041 -0.00035  0.00283  0.00504  0.00257  0.0049 ]
   [ 0.       0.       0.01956  0.       0.       0.       0.00697  0.       0.       0.       0.       0.       0.     ]
   [ 0.00091  0.00137  0.       0.01975 -0.00016  0.0009   0.       0.00702 -0.00004  0.00246  0.00155 -0.00203 -0.00085]
   [-0.00076 -0.00115  0.      -0.00016  0.0197  -0.00075  0.      -0.00004  0.00701 -0.00207 -0.0013  -0.00192 -0.00127]
   [ 0.00659  0.0124   0.       0.0009  -0.00075  0.01212  0.       0.00041 -0.00034  0.00393  0.00632  0.00363  0.00615]
   [ 0.       0.       0.00697  0.       0.       0.       0.00832  0.       0.       0.       0.       0.       0.     ]
   [ 0.0001   0.00041  0.       0.00702 -0.00004  0.00041  0.       0.00834 -0.00002  0.00371  0.00259 -0.00335 -0.00213]
   [-0.00009 -0.00035  0.      -0.00004  0.00701 -0.00034  0.      -0.00002  0.00834 -0.00311 -0.00217 -0.00293 -0.00213]
   [ 0.00095  0.00283  0.       0.00246 -0.00207  0.00393  0.       0.00371 -0.00311  0.00775  0.00491  0.00046  0.00193]
   [ 0.00226  0.00504  0.       0.00155 -0.0013   0.00632  0.       0.00259 -0.00217  0.00491  0.0065   0.00181  0.00389]
   [ 0.0009   0.00257  0.      -0.00203 -0.00192  0.00363  0.      -0.00335 -0.00293  0.00046  0.00181  0.00716  0.00457]
   [ 0.00223  0.0049   0.      -0.00085 -0.00127  0.00615  0.      -0.00213 -0.00213  0.00193  0.00389  0.00457  0.00623]]

  [[ 0.1094   0.01594  0.       0.00052 -0.00044  0.01634  0.       0.00006 -0.00005  0.00226  0.00556  0.00223  0.00554]
   [ 0.01594  0.04555  0.       0.00079 -0.00066  0.03029  0.       0.00024 -0.0002   0.00649  0.01208  0.00635  0.01201]
   [ 0.       0.       0.04814  0.       0.       0.       0.01708  0.       0.       0.       0.       0.       0.     ]
   [ 0.00052  0.00079  0.       0.04817 -0.00002  0.00051  0.       0.01709 -0.00001  0.00549  0.00311 -0.00525 -0.00271]
   [-0.00044 -0.00066  0.      -0.00002  0.04816 -0.00043  0.      -0.00001  0.01709 -0.0046  -0.00261 -0.00453 -0.0026 ]
   [ 0.01634  0.03029  0.       0.00051 -0.00043  0.02961  0.       0.00023 -0.0002   0.00912  0.01516  0.00895  0.01506]
   [ 0.       0.       0.01708  0.       0.       0.       0.02032  0.       0.       0.       0.       0.       0.     ]
   [ 0.00006  0.00024  0.       0.01709 -0.00001  0.00023  0.       0.02032 -0.       0.00856  0.00585 -0.00836 -0.0056 ]
   [-0.00005 -0.0002   0.      -0.00001  0.01709 -0.0002   0.      -0.       0.02032 -0.00718 -0.00491 -0.00709 -0.00489]
   [ 0.00226  0.00649  0.       0.00549 -0.0046   0.00912  0.       0.00856 -0.00718  0.01795  0.01143  0.00107  0.00449]
   [ 0.00556  0.01208  0.       0.00311 -0.00261  0.01516  0.       0.00585 -0.00491  0.01143  0.01543  0.00443  0.00936]
   [ 0.00223  0.00635  0.      -0.00525 -0.00453  0.00895  0.      -0.00836 -0.00709  0.00107  0.00443  0.01763  0.01124]
   [ 0.00554  0.01201  0.      -0.00271 -0.0026   0.01506  0.      -0.0056  -0.00489  0.00449  0.00936  0.01124  0.01528]]

  [[ 0.04384  0.00647  0.      -0.00091 -0.00076  0.00659  0.      -0.0001  -0.00009  0.0009   0.00223  0.00095  0.00226]
   [ 0.00647  0.01864  0.      -0.00137 -0.00115  0.0124   0.      -0.00041 -0.00035  0.00257  0.0049   0.00283  0.00504]
   [ 0.       0.       0.01956  0.       0.       0.       0.00697  0.       0.       0.       0.       0.       0.     ]
   [-0.00091 -0.00137  0.       0.01975  0.00016 -0.0009   0.       0.00702  0.00004  0.00203  0.00085 -0.00246 -0.00155]
   [-0.00076 -0.00115  0.       0.00016  0.0197  -0.00075  0.       0.00004  0.00701 -0.00192 -0.00127 -0.00207 -0.0013 ]
   [ 0.00659  0.0124   0.      -0.0009  -0.00075  0.01212  0.      -0.00041 -0.00034  0.00363  0.00615  0.00393  0.00632]
   [ 0.       0.       0.00697  0.       0.       0.       0.00832  0.       0.       0.       0.       0.       0.     ]
   [-0.0001  -0.00041  0.       0.00702  0.00004 -0.00041  0.       0.00834  0.00002  0.00335  0.00213 -0.00371 -0.00259]
   [-0.00009 -0.00035  0.       0.00004  0.00701 -0.00034  0.       0.00002  0.00834 -0.00293 -0.00213 -0.00311 -0.00217]
   [ 0.0009   0.00257  0.       0.00203 -0.00192  0.00363  0.       0.00335 -0.00293  0.00716  0.00457  0.00046  0.00181]
   [ 0.00223  0.0049   0.       0.00085 -0.00127  0.00615  0.       0.00213 -0.00213  0.00457  0.00623  0.00193  0.00389]
   [ 0.00095  0.00283  0.      -0.00246 -0.00207  0.00393  0.      -0.00371 -0.00311  0.00046  0.00193  0.00775  0.00491]
   [ 0.00226  0.00504  0.      -0.00155 -0.0013   0.00632  0.      -0.00259 -0.00217  0.00181  0.00389  0.00491  0.0065 ]]

  [[ 0.1094   0.01594  0.      -0.00052 -0.00044  0.01634  0.      -0.00006 -0.00005  0.00223  0.00554  0.00226  0.00556]
   [ 0.01594  0.04555  0.      -0.00079 -0.00066  0.03029  0.      -0.00024 -0.0002   0.00635  0.01201  0.00649  0.01208]
   [ 0.       0.       0.04814  0.       0.       0.       0.01708  0.       0.       0.       0.       0.       0.     ]
   [-0.00052 -0.00079  0.       0.04817  0.00002 -0.00051  0.       0.01709  0.00001  0.00525  0.00271 -0.00549 -0.00311]
   [-0.00044 -0.00066  0.       0.00002  0.04816 -0.00043  0.       0.00001  0.01709 -0.00453 -0.0026  -0.0046  -0.00261]
   [ 0.01634  0.03029  0.      -0.00051 -0.00043  0.02961  0.      -0.00023 -0.0002   0.00895  0.01506  0.00912  0.01516]
   [ 0.       0.       0.01708  0.       0.       0.       0.02032  0.       0.       0.       0.       0.       0.     ]
   [-0.00006 -0.00024  0.       0.01709  0.00001 -0.00023  0.       0.02032  0.       0.00836  0.0056  -0.00856 -0.00585]
   [-0.00005 -0.0002   0.       0.00001  0.01709 -0.0002   0.       0.       0.02032 -0.00709 -0.00489 -0.00718 -0.00491]
   [ 0.00223  0.00635  0.       0.00525 -0.00453  0.00895  0.       0.00836 -0.00709  0.01763  0.01124  0.00107  0.00443]
   [ 0.00554  0.01201  0.       0.00271 -0.0026   0.01506  0.       0.0056  -0.00489  0.01124  0.01528  0.00449  0.00936]
   [ 0.00226  0.00649  0.      -0.00549 -0.0046   0.00912  0.      -0.00856 -0.00718  0.00107  0.00449  0.01795  0.01143]
   [ 0.00556  0.01208  0.      -0.00311 -0.00261  0.01516  0.      -0.00585 -0.00491  0.00443  0.00936  0.01143  0.01543]]]


 [[[ 0.28287  0.04935  0.       0.       0.       0.04684  0.       0.       0.       0.00647  0.01594  0.00647  0.01594]
   [ 0.04935  0.15074  0.       0.      -0.       0.10012  0.       0.       0.       0.02115  0.0398   0.02115  0.0398 ]
   [ 0.       0.       0.15679  0.       0.       0.       0.05669  0.       0.       0.       0.       0.       0.     ]
   [ 0.       0.       0.       0.15679  0.       0.       0.       0.05669  0.       0.01775  0.00965 -0.01775 -0.00965]
   [ 0.      -0.       0.       0.       0.15679  0.       0.       0.       0.05669 -0.01489 -0.00809 -0.01489 -0.00809]
   [ 0.04684  0.10012  0.       0.       0.       0.09779  0.       0.       0.       0.02985  0.05001  0.02985  0.05001]
   [ 0.       0.       0.05669  0.       0.       0.       0.06788  0.       0.       0.       0.       0.       0.     ]
   [ 0.       0.       0.       0.05669  0.       0.       0.       0.06788  0.       0.02815  0.0191  -0.02815 -0.0191 ]
   [ 0.       0.       0.       0.       0.05669  0.       0.       0.       0.06788 -0.02361 -0.01602 -0.02361 -0.01602]
   [ 0.00647  0.02115  0.       0.01775 -0.01489  0.02985  0.       0.02815 -0.02361  0.05908  0.03762  0.00352  0.01473]
   [ 0.01594  0.0398   0.       0.00965 -0.00809  0.05001  0.       0.0191  -0.01602  0.03762  0.05101  0.01473  0.03103]
   [ 0.00647  0.02115  0.      -0.01775 -0.01489  0.02985  0.      -0.02815 -0.02361  0.00352  0.01473  0.05908  0.03762]
   [ 0.01594  0.0398   0.      -0.00965 -0.00809  0.05001  0.      -0.0191  -0.01602  0.01473  0.03103  0.03762  0.05101]]

  [[ 0.73943  0.15074  0.       0.       0.       0.13339  0.       0.       0.       0.01864  0.04555  0.01864  0.04555]
   [ 0.15074  0.60359  0.       0.       0.       0.4114   0.       0.       0.       0.09018  0.16616  0.09018  0.16616]
   [ 0.       0.       0.6002   0.       0.       0.       0.24493  0.       0.       0.       0.       0.       0.     ]
   [ 0.       0.       0.       0.6002   0.       0.       0.       0.24493  0.       0.07814  0.04234 -0.07814 -0.04234]
   [ 0.       0.       0.       0.       0.6002   0.       0.       0.       0.24493 -0.06555 -0.03552 -0.06555 -0.03552]
   [ 0.13339  0.4114   0.       0.       0.       0.42489  0.       0.       0.       0.13585  0.22385  0.13585  0.22385]
   [ 0.       0.       0.24493  0.       0.       0.       0.31844  0.       0.       0.       0.       0.       0.     ]
   [ 0.       0.       0.       0.24493  0.       0.       0.       0.31844  0.       0.1329   0.09039 -0.1329  -0.09039]
   [ 0.       0.       0.       0.       0.24493  0.       0.       0.       0.31844 -0.11149 -0.07583 -0.11149 -0.07583]
   [ 0.01864  0.09018  0.       0.07814 -0.06555  0.13585  0.       0.1329  -0.11149  0.28026  0.17689  0.01592  0.06804]
   [ 0.04555  0.16616  0.       0.04234 -0.03552  0.22385  0.       0.09039 -0.07583  0.17689  0.23814  0.06804  0.14294]
   [ 0.01864  0.09018  0.      -0.07814 -0.06555  0.13585  0.      -0.1329  -0.11149  0.01592  0.06804  0.28026  0.17689]
   [ 0.04555  0.16616  0.      -0.04234 -0.03552  0.22385  0.      -0.09039 -0.07583  0.06804  0.14294  0.17689  0.23814]]

  [[ 0.       0.       0.04246  0.       0.       0.       0.00559  0.       0.       0.       0.       0.       0.     ]
   [ 0.       0.       0.13614  0.       0.       0.       0.05208  0.       0.       0.       0.       0.       0.     ]
   [ 0.04246  0.13614  0.       0.      -0.       0.09445  0.       0.       0.       0.015    0.03738  0.015    0.03738]
   [ 0.       0.       0.       0.       0.       0.       0.       0.       0.       0.       0.       0.       0.     ]
   [ 0.       0.      -0.       0.       0.       0.       0.       0.       0.       0.       0.       0.       0.     ]
   [ 0.       0.       0.09445  0.       0.       0.       0.0616   0.       0.       0.       0.       0.       0.     ]
   [ 0.00559  0.05208  0.       0.       0.       0.0616   0.       0.      -0.       0.01184  0.03234  0.01184  0.03234]
   [ 0.       0.       0.       0.       0.       0.       0.       0.       0.       0.       0.       0.       0.     ]
   [ 0.       0.       0.       0.       0.       0.      -0.       0.       0.       0.       0.       0.       0.     ]
   [ 0.       0.       0.015    0.       0.       0.       0.01184  0.       0.       0.       0.       0.       0.     ]
   [ 0.       0.       0.03738  0.       0.       0.       0.03234  0.       0.       0.       0.       0.       0.     ]
   [ 0.       0.       0.015    0.       0.       0.       0.01184  0.       0.       0.       0.       0.       0.     ]
   [ 0.       0.       0.03738  0.       0.       0.       0.03234  0.       0.       0.       0.       0.       0.     ]]

  [[ 0.       0.       0.       0.04246  0.       0.       0.       0.00559  0.       0.00137  0.00079 -0.00137 -0.00079]
   [ 0.       0.       0.       0.13614  0.       0.       0.       0.05208  0.       0.01584  0.0086  -0.01584 -0.0086 ]
   [ 0.       0.       0.       0.       0.       0.       0.       0.       0.       0.       0.       0.       0.     ]
   [ 0.04246  0.13614  0.       0.      -0.       0.09445  0.       0.       0.       0.02518  0.03886  0.02518  0.03886]
   [ 0.       0.       0.      -0.       0.       0.       0.       0.       0.      -0.00854 -0.00124  0.00854  0.00124]
   [ 0.       0.       0.       0.09445  0.       0.       0.       0.0616   0.       0.02251  0.01311 -0.02251 -0.01311]
   [ 0.       0.       0.       0.       0.       0.       0.       0.       0.       0.       0.       0.       0.     ]
   [ 0.00559  0.05208  0.       0.       0.       0.0616   0.       0.      -0.       0.02873  0.0359   0.02873  0.0359 ]
   [ 0.       0.       0.       0.       0.       0.       0.      -0.       0.      -0.01417 -0.00299  0.01417  0.00299]
   [ 0.00137  0.01584  0.       0.02518 -0.00854  0.02251  0.       0.02873 -0.01417  0.0488   0.02768  0.       0.00858]
   [ 0.00079  0.0086   0.       0.03886 -0.00124  0.01311  0.       0.0359  -0.00299  0.02768  0.02287 -0.00858  0.     ]
   [-0.00137 -0.01584  0.       0.02518  0.00854 -0.02251  0.       0.02873  0.01417  0.      -0.00858 -0.0488  -0.02768]
   [-0.00079 -0.0086   0.       0.03886  0.00124 -0.01311  0.       0.0359   0.00299  0.00858  0.      -0.02768 -0.02287]]

  [[-0.      -0.       0.       0.       0.04246 -0.       0.       0.       0.00559 -0.00115 -0.00066 -0.00115 -0.00066]
   [-0.       0.       0.       0.       0.13614 -0.       0.       0.       0.05208 -0.01328 -0.00721 -0.01328 -0.00721]
   [ 0.       0.      -0.       0.       0.       0.      -0.       0.       0.       0.       0.       0.       0.     ]
   [ 0.       0.       0.      -0.       0.       0.       0.      -0.       0.      -0.00854 -0.00124  0.00854  0.00124]
   [ 0.04246  0.13614  0.       0.      -0.       0.09445  0.       0.       0.       0.02216  0.03842  0.02216  0.03842]
   [-0.      -0.       0.       0.       0.09445 -0.       0.       0.       0.0616  -0.01889 -0.011   -0.01889 -0.011  ]
   [ 0.       0.      -0.       0.       0.       0.      -0.       0.       0.       0.       0.       0.       0.     ]
   [ 0.       0.       0.      -0.       0.       0.       0.      -0.       0.      -0.01417 -0.00299  0.01417  0.00299]
   [ 0.00559  0.05208  0.       0.       0.       0.0616   0.       0.      -0.       0.02373  0.03485  0.02373  0.03485]
   [-0.00115 -0.01328  0.      -0.00854  0.02216 -0.01889  0.      -0.01417  0.02373 -0.04094 -0.02322 -0.00386 -0.0111 ]
   [-0.00066 -0.00721  0.      -0.00124  0.03842 -0.011    0.      -0.00299  0.03485 -0.02322 -0.01918 -0.0111  -0.01365]
   [-0.00115 -0.01328  0.       0.00854  0.02216 -0.01889  0.       0.01417  0.02373 -0.00386 -0.0111  -0.04094 -0.02322]
   [-0.00066 -0.00721  0.       0.00124  0.03842 -0.011    0.       0.00299  0.03485 -0.0111  -0.01365 -0.02322 -0.01918]]

  [[ 0.49243  0.10012  0.       0.       0.       0.0887   0.       0.       0.       0.0124   0.03029  0.0124   0.03029]
   [ 0.10012  0.4114   0.       0.      -0.       0.28373  0.       0.       0.       0.06288  0.11516  0.06288  0.11516]
   [ 0.       0.       0.40934  0.       0.       0.       0.17185  0.       0.       0.       0.       0.       0.     ]
   [ 0.       0.       0.       0.40934  0.       0.       0.       0.17185  0.       0.05519  0.02988 -0.05519 -0.02988]
   [ 0.      -0.       0.       0.       0.40934  0.       0.       0.       0.17185 -0.0463  -0.02507 -0.0463  -0.02507]
   [ 0.0887   0.28373  0.       0.       0.       0.3011   0.       0.       0.       0.0979   0.16051  0.0979   0.16051]
   [ 0.       0.       0.17185  0.       0.       0.       0.23187  0.       0.       0.       0.       0.       0.     ]
   [ 0.       0.       0.       0.17185  0.       0.       0.       0.23187  0.       0.09719  0.06626 -0.09719 -0.06626]
   [ 0.       0.       0.       0.       0.17185  0.       0.       0.       0.23187 -0.08153 -0.05559 -0.08153 -0.05559]
   [ 0.0124   0.06288  0.       0.05519 -0.0463   0.0979   0.       0.09719 -0.08153  0.20591  0.12948  0.01142  0.04937]
   [ 0.03029  0.11516  0.       0.02988 -0.02507  0.16051  0.       0.06626 -0.05559  0.12948  0.17403  0.04937  0.1038 ]
   [ 0.0124   0.06288  0.      -0.05519 -0.0463   0.0979   0.      -0.09719 -0.08153  0.01142  0.04937  0.20591  0.12948]
   [ 0.03029  0.11516  0.      -0.02988 -0.02507  0.16051  0.      -0.06626 -0.05559  0.04937  0.1038   0.12948  0.17403]]

  [[ 0.       0.       0.01223  0.       0.       0.       0.00167  0.       0.       0.       0.       0.       0.     ]
   [ 0.       0.       0.05208  0.       0.       0.       0.02265  0.       0.       0.       0.       0.       0.     ]
   [ 0.01223  0.05208  0.       0.      -0.       0.03876  0.       0.       0.       0.00635  0.01578  0.00635  0.01578]
   [ 0.       0.       0.       0.       0.       0.       0.       0.       0.       0.       0.       0.       0.     ]
   [ 0.       0.      -0.       0.       0.       0.       0.       0.       0.       0.       0.       0.       0.     ]
   [ 0.       0.       0.03876  0.       0.       0.       0.03114  0.       0.       0.       0.       0.       0.     ]
   [ 0.00167  0.02265  0.       0.       0.       0.03114  0.       0.       0.       0.00618  0.01715  0.00618  0.01715]
   [ 0.       0.       0.       0.       0.       0.       0.       0.       0.       0.       0.       0.       0.     ]
   [ 0.       0.       0.       0.       0.       0.       0.       0.       0.       0.       0.       0.       0.     ]
   [ 0.       0.       0.00635  0.       0.       0.       0.00618  0.       0.       0.       0.       0.       0.     ]
   [ 0.       0.       0.01578  0.       0.       0.       0.01715  0.       0.       0.       0.       0.       0.     ]
   [ 0.       0.       0.00635  0.       0.       0.       0.00618  0.       0.       0.       0.       0.       0.     ]
   [ 0.       0.       0.01578  0.       0.       0.       0.01715  0.       0.       0.       0.       0.       0.     ]]

  [[ 0.       0.       0.       0.01223  0.       0.       0.       0.00167  0.       0.00041  0.00024 -0.00041 -0.00024]
   [ 0.       0.       0.       0.05208  0.       0.       0.       0.02265  0.       0.00709  0.00383 -0.00709 -0.00383]
   [ 0.       0.       0.       0.       0.       0.       0.       0.       0.       0.       0.       0.       0.     ]
   [ 0.01223  0.05208  0.       0.      -0.       0.03876  0.       0.       0.       0.01126  0.0165   0.01126  0.0165 ]
   [ 0.       0.       0.      -0.       0.       0.       0.       0.       0.      -0.00412 -0.0006   0.00412  0.0006 ]
   [ 0.       0.       0.       0.03876  0.       0.       0.       0.03114  0.       0.01182  0.00695 -0.01182 -0.00695]
   [ 0.       0.       0.       0.       0.       0.       0.       0.       0.       0.       0.       0.       0.     ]
   [ 0.00167  0.02265  0.       0.       0.       0.03114  0.       0.       0.       0.01575  0.01921  0.01575  0.01921]
   [ 0.       0.       0.       0.       0.       0.       0.       0.       0.      -0.00802 -0.00173  0.00802  0.00173]
   [ 0.00041  0.00709  0.       0.01126 -0.00412  0.01182  0.       0.01575 -0.00802  0.02803  0.01561  0.       0.00466]
   [ 0.00024  0.00383  0.       0.0165  -0.0006   0.00695  0.       0.01921 -0.00173  0.01561  0.01302 -0.00466  0.     ]
   [-0.00041 -0.00709  0.       0.01126  0.00412 -0.01182  0.       0.01575  0.00802  0.      -0.00466 -0.02803 -0.01561]
   [-0.00024 -0.00383  0.       0.0165   0.0006  -0.00695  0.       0.01921  0.00173  0.00466  0.      -0.01561 -0.01302]]

  [[ 0.       0.       0.       0.       0.01223  0.       0.       0.       0.00167 -0.00035 -0.0002  -0.00035 -0.0002 ]
   [ 0.       0.       0.       0.       0.05208  0.       0.       0.       0.02265 -0.00595 -0.00321 -0.00595 -0.00321]
   [ 0.       0.       0.       0.       0.       0.       0.       0.       0.       0.       0.       0.       0.     ]
   [ 0.       0.       0.       0.       0.       0.       0.       0.       0.      -0.00412 -0.0006   0.00412  0.0006 ]
   [ 0.01223  0.05208  0.       0.       0.       0.03876  0.       0.       0.       0.00981  0.01629  0.00981  0.01629]
   [ 0.       0.       0.       0.       0.03876  0.       0.       0.       0.03114 -0.00991 -0.00583 -0.00991 -0.00583]
   [ 0.       0.       0.       0.       0.       0.       0.       0.       0.       0.       0.       0.       0.     ]
   [ 0.       0.       0.       0.       0.       0.       0.       0.       0.      -0.00802 -0.00173  0.00802  0.00173]
   [ 0.00167  0.02265  0.       0.       0.       0.03114  0.       0.       0.       0.01291  0.0186   0.01291  0.0186 ]
   [-0.00035 -0.00595  0.      -0.00412  0.00981 -0.00991  0.      -0.00802  0.01291 -0.02352 -0.0131  -0.00196 -0.00601]
   [-0.0002  -0.00321  0.      -0.0006   0.01629 -0.00583  0.      -0.00173  0.0186  -0.0131  -0.01092 -0.00601 -0.00761]
   [-0.00035 -0.00595  0.       0.00412  0.00981 -0.00991  0.       0.00802  0.01291 -0.00196 -0.00601 -0.02352 -0.0131 ]
   [-0.0002  -0.00321  0.       0.0006   0.01629 -0.00583  0.       0.00173  0.0186  -0.00601 -0.00761 -0.0131  -0.01092]]

  [[ 0.10305  0.02115  0.       0.00354 -0.00297  0.01866  0.       0.00049 -0.00041  0.00283  0.00649  0.00257  0.00635]
   [ 0.02115  0.09018  0.       0.01584 -0.01328  0.06288  0.       0.00709 -0.00595  0.01867  0.0278   0.01314  0.02524]
   [ 0.       0.       0.08733  0.       0.       0.       0.03749  0.       0.       0.       0.       0.       0.     ]
   [ 0.00354  0.01584  0.       0.0913  -0.00333  0.01201  0.       0.03964 -0.0018   0.01846  0.01255 -0.0098  -0.00168]
   [-0.00297 -0.01328  0.      -0.00333  0.09013 -0.01007  0.      -0.0018   0.039   -0.01549 -0.01053 -0.01119 -0.00947]
   [ 0.01866  0.06288  0.       0.01201 -0.01007  0.06846  0.       0.01016 -0.00852  0.03098  0.0411   0.02089  0.03612]
   [ 0.       0.       0.03749  0.       0.       0.       0.05254  0.       0.       0.       0.       0.       0.     ]
   [ 0.00049  0.00709  0.       0.03964 -0.0018   0.01016  0.       0.05527 -0.0023   0.03268  0.02328 -0.01927 -0.00951]
   [-0.00041 -0.00595  0.      -0.0018   0.039   -0.00852  0.      -0.0023   0.05446 -0.02741 -0.01953 -0.01909 -0.01713]
   [ 0.00283  0.01867  0.       0.01846 -0.01549  0.03098  0.       0.03268 -0.02741  0.07093  0.04199  0.00318  0.01551]
   [ 0.00649  0.0278   0.       0.01255 -0.01053  0.0411   0.       0.02328 -0.01953  0.04199  0.04928  0.01126  0.02633]
   [ 0.00257  0.01314  0.      -0.0098  -0.01119  0.02089  0.      -0.01927 -0.01909  0.00318  0.01126  0.04389  0.02797]
   [ 0.00635  0.02524  0.      -0.00168 -0.00947  0.03612  0.      -0.00951 -0.01713  0.01551  0.02633  0.02797  0.03905]]

  [[ 0.19498  0.0398   0.       0.00194 -0.00163  0.0352   0.       0.00027 -0.00022  0.00504  0.01208  0.0049   0.01201]
   [ 0.0398   0.16616  0.       0.0086  -0.00721  0.11516  0.       0.00383 -0.00321  0.0278   0.04797  0.02524  0.04664]
   [ 0.       0.       0.1649   0.       0.       0.       0.07009  0.       0.       0.       0.       0.       0.     ]
   [ 0.00194  0.0086   0.       0.16547 -0.00047  0.0065   0.       0.0704  -0.00026  0.02531  0.01519 -0.02126 -0.00953]
   [-0.00163 -0.00721  0.      -0.00047  0.1653  -0.00546  0.      -0.00026  0.07031 -0.02124 -0.01274 -0.01959 -0.01244]
   [ 0.0352   0.11516  0.       0.0065  -0.00546  0.12367  0.       0.00547 -0.00459  0.0443   0.06843  0.0398   0.0659 ]
   [ 0.       0.       0.07009  0.       0.       0.       0.09616  0.       0.       0.       0.       0.       0.     ]
   [ 0.00027  0.00383  0.       0.0704  -0.00026  0.00547  0.       0.09657 -0.00034  0.04483  0.03145 -0.03878 -0.02444]
   [-0.00022 -0.00321  0.      -0.00026  0.07031 -0.00459  0.      -0.00034  0.09645 -0.0376  -0.02639 -0.03431 -0.02558]
   [ 0.00504  0.0278   0.       0.02531 -0.02124  0.0443   0.       0.04483 -0.0376   0.09539  0.05912  0.00501  0.02234]
   [ 0.01208  0.04797  0.       0.01519 -0.01274  0.06843  0.       0.03145 -0.02639  0.05912  0.07668  0.02051  0.04427]
   [ 0.0049   0.02524  0.      -0.02126 -0.01959  0.0398   0.      -0.03878 -0.03431  0.00501  0.02051  0.08414  0.05299]
   [ 0.01201  0.04664  0.      -0.00953 -0.01244  0.0659   0.      -0.02444 -0.02558  0.02234  0.04427  0.05299  0.07173]]

  [[ 0.10305  0.02115  0.      -0.00354 -0.00297  0.01866  0.      -0.00049 -0.00041  0.00257  0.00635  0.00283  0.00649]
   [ 0.02115  0.09018  0.      -0.01584 -0.01328  0.06288  0.      -0.00709 -0.00595  0.01314  0.02524  0.01867  0.0278 ]
   [ 0.       0.       0.08733  0.       0.       0.       0.03749  0.       0.       0.       0.       0.       0.     ]
   [-0.00354 -0.01584  0.       0.0913   0.00333 -0.01201  0.       0.03964  0.0018   0.0098   0.00168 -0.01846 -0.01255]
   [-0.00297 -0.01328  0.       0.00333  0.09013 -0.01007  0.       0.0018   0.039   -0.01119 -0.00947 -0.01549 -0.01053]
   [ 0.01866  0.06288  0.      -0.01201 -0.01007  0.06846  0.      -0.01016 -0.00852  0.02089  0.03612  0.03098  0.0411 ]
   [ 0.       0.       0.03749  0.       0.       0.       0.05254  0.       0.       0.       0.       0.       0.     ]
   [-0.00049 -0.00709  0.       0.03964  0.0018  -0.01016  0.       0.05527  0.0023   0.01927  0.00951 -0.03268 -0.02328]
   [-0.00041 -0.00595  0.       0.0018   0.039   -0.00852  0.       0.0023   0.05446 -0.01909 -0.01713 -0.02741 -0.01953]
   [ 0.00257  0.01314  0.       0.0098  -0.01119  0.02089  0.       0.01927 -0.01909  0.04389  0.02797  0.00318  0.01126]
   [ 0.00635  0.02524  0.       0.00168 -0.00947  0.03612  0.       0.00951 -0.01713  0.02797  0.03905  0.01551  0.02633]
   [ 0.00283  0.01867  0.      -0.01846 -0.01549  0.03098  0.      -0.03268 -0.02741  0.00318  0.01551  0.07093  0.04199]
   [ 0.00649  0.0278   0.      -0.01255 -0.01053  0.0411   0.      -0.02328 -0.01953  0.01126  0.02633  0.04199  0.04928]]

  [[ 0.19498  0.0398   0.      -0.00194 -0.00163  0.0352   0.      -0.00027 -0.00022  0.0049   0.01201  0.00504  0.01208]
   [ 0.0398   0.16616  0.      -0.0086  -0.00721  0.11516  0.      -0.00383 -0.00321  0.02524  0.04664  0.0278   0.04797]
