[[[[ 4.90686  0.56574  0.       0.       0.       0.64641  0.       0.       0.       0.08768  0.21879  0.08768  0.21879]
   [ 0.56574  1.47885  0.       0.      -0.       0.98487  0.       0.       0.       0.2061   0.38996  0.2061   0.38996]
   [ 0.       0.       1.6009   0.       0.       0.       0.55274  0.       0.       0.       0.       0.       0.     ]
   [ 0.       0.       0.       1.6009   0.       0.       0.       0.55274  0.       0.17228  0.09374 -0.17228 -0.09374]
   [ 0.      -0.       0.       0.       1.6009   0.       0.       0.       0.55274 -0.14453 -0.07863 -0.14453 -0.07863]
   [ 0.64641  0.98487  0.       0.       0.       0.96442  0.       0.      -0.       0.28935  0.48807  0.28935  0.48807]
   [ 0.       0.       0.55274  0.       0.       0.       0.65016  0.       0.       0.       0.       0.       0.     ]
   [ 0.       0.       0.       0.55274  0.       0.       0.       0.65016  0.       0.26937  0.18277 -0.26937 -0.18277]
   [ 0.       0.       0.       0.       0.55274 -0.       0.       0.       0.65016 -0.22597 -0.15332 -0.22597 -0.15332]
   [ 0.08768  0.2061   0.       0.17228 -0.14453  0.28935  0.       0.26937 -0.22597  0.56542  0.36103  0.03422  0.14219]
   [ 0.21879  0.38996  0.       0.09374 -0.07863  0.48807  0.       0.18277 -0.15332  0.36103  0.49106  0.14219  0.30006]
   [ 0.08768  0.2061   0.      -0.17228 -0.14453  0.28935  0.      -0.26937 -0.22597  0.03422  0.14219  0.56542  0.36103]
   [ 0.21879  0.38996  0.      -0.09374 -0.07863  0.48807  0.      -0.18277 -0.15332  0.14219  0.30006  0.36103  0.49106]]

  [[ 0.56574  0.09871  0.       0.       0.       0.09368  0.       0.       0.       0.01294  0.03188  0.01294  0.03188]
   [ 0.09871  0.30149  0.       0.      -0.       0.20024  0.       0.       0.       0.0423   0.07959  0.0423   0.07959]
   [ 0.       0.       0.31357  0.       0.       0.       0.11337  0.       0.       0.       0.       0.       0.     ]
   [ 0.       0.       0.       0.31357  0.       0.       0.       0.11337  0.       0.0355   0.0193  -0.0355  -0.0193 ]
   [ 0.      -0.       0.       0.       0.31357  0.       0.       0.       0.11337 -0.02978 -0.01619 -0.02978 -0.01619]
   [ 0.09368  0.20024  0.       0.       0.       0.19557  0.       0.       0.       0.0597   0.10002  0.0597   0.10002]
   [ 0.       0.       0.11337  0.       0.       0.       0.13576  0.       0.       0.       0.       0.       0.     ]
   [ 0.       0.       0.       0.11337  0.       0.       0.       0.13576  0.       0.05629  0.0382  -0.05629 -0.0382 ]
   [ 0.       0.       0.       0.       0.11337  0.       0.       0.       0.13576 -0.04722 -0.03205 -0.04722 -0.03205]
   [ 0.01294  0.0423   0.       0.0355  -0.02978  0.0597   0.       0.05629 -0.04722  0.11815  0.07523  0.00705  0.02947]
   [ 0.03188  0.07959  0.       0.0193  -0.01619  0.10002  0.       0.0382  -0.03205  0.07523  0.10202  0.02947  0.06207]
   [ 0.01294  0.0423   0.      -0.0355  -0.02978  0.0597   0.      -0.05629 -0.04722  0.00705  0.02947  0.11815  0.07523]
   [ 0.03188  0.07959  0.      -0.0193  -0.01619  0.10002  0.      -0.0382  -0.03205  0.02947  0.06207  0.07523  0.10202]]

  [[ 0.       0.       0.06873  0.       0.       0.       0.00756  0.       0.       0.       0.       0.       0.     ]
   [ 0.       0.       0.08491  0.       0.       0.       0.02446  0.       0.       0.       0.       0.       0.     ]
   [ 0.06873  0.08491  0.       0.      -0.       0.05597  0.       0.       0.       0.00831  0.02096  0.00831  0.02096]
   [ 0.       0.       0.       0.       0.       0.       0.       0.       0.       0.       0.       0.       0.     ]
   [ 0.       0.      -0.       0.       0.       0.       0.       0.       0.       0.       0.       0.       0.     ]
   [ 0.       0.       0.05597  0.       0.       0.       0.02394  0.       0.       0.       0.       0.       0.     ]
   [ 0.00756  0.02446  0.       0.       0.       0.02394  0.       0.       0.       0.00435  0.01174  0.00435  0.01174]
   [ 0.       0.       0.       0.       0.       0.       0.       0.       0.       0.       0.       0.       0.     ]
   [ 0.       0.       0.       0.       0.       0.       0.       0.       0.       0.       0.       0.       0.     ]
   [ 0.       0.       0.00831  0.       0.       0.       0.00435  0.       0.       0.       0.       0.       0.     ]
   [ 0.       0.       0.02096  0.       0.       0.       0.01174  0.       0.       0.       0.       0.       0.     ]
   [ 0.       0.       0.00831  0.       0.       0.       0.00435  0.       0.       0.       0.       0.       0.     ]
   [ 0.       0.       0.02096  0.       0.       0.       0.01174  0.       0.       0.       0.       0.       0.     ]]

  [[ 0.       0.       0.       0.06873  0.       0.       0.       0.00756  0.       0.00182  0.00105 -0.00182 -0.00105]
   [ 0.       0.       0.       0.08491  0.       0.       0.       0.02446  0.       0.00707  0.00388 -0.00707 -0.00388]
   [ 0.       0.       0.       0.       0.       0.       0.       0.       0.       0.       0.       0.       0.     ]
   [ 0.06873  0.08491  0.       0.      -0.       0.05597  0.       0.       0.       0.01234  0.02153  0.01234  0.02153]
   [ 0.       0.       0.      -0.       0.       0.       0.       0.       0.      -0.00338 -0.00048  0.00338  0.00048]
   [ 0.       0.       0.       0.05597  0.       0.       0.       0.02394  0.       0.00822  0.00476 -0.00822 -0.00476]
   [ 0.       0.       0.       0.       0.       0.       0.       0.       0.       0.       0.       0.       0.     ]
   [ 0.00756  0.02446  0.       0.       0.       0.02394  0.       0.       0.       0.00979  0.01286  0.00979  0.01286]
   [ 0.       0.       0.       0.       0.       0.       0.       0.       0.      -0.00456 -0.00094  0.00456  0.00094]
   [ 0.00182  0.00707  0.       0.01234 -0.00338  0.00822  0.       0.00979 -0.00456  0.0156   0.00915  0.       0.00299]
   [ 0.00105  0.00388  0.       0.02153 -0.00048  0.00476  0.       0.01286 -0.00094  0.00915  0.00755 -0.00299  0.     ]
   [-0.00182 -0.00707  0.       0.01234  0.00338 -0.00822  0.       0.00979  0.00456  0.      -0.00299 -0.0156  -0.00915]
   [-0.00105 -0.00388  0.       0.02153  0.00048 -0.00476  0.       0.01286  0.00094  0.00299  0.      -0.00915 -0.00755]]

  [[ 0.       0.       0.       0.       0.06873  0.       0.       0.       0.00756 -0.00153 -0.00088 -0.00153 -0.00088]
   [ 0.       0.       0.       0.       0.08491  0.       0.       0.       0.02446 -0.00593 -0.00325 -0.00593 -0.00325]
   [ 0.       0.       0.       0.       0.       0.       0.       0.       0.       0.       0.       0.       0.     ]
   [ 0.       0.       0.       0.       0.       0.       0.       0.       0.      -0.00338 -0.00048  0.00338  0.00048]
   [ 0.06873  0.08491  0.       0.      -0.       0.05597  0.       0.       0.       0.01115  0.02136  0.01115  0.02136]
   [ 0.       0.       0.       0.       0.05597  0.       0.       0.       0.02394 -0.0069  -0.00399 -0.0069  -0.00399]
   [ 0.       0.       0.       0.       0.       0.       0.       0.       0.       0.       0.       0.       0.     ]
   [ 0.       0.       0.       0.       0.       0.       0.       0.       0.      -0.00456 -0.00094  0.00456  0.00094]
   [ 0.00756  0.02446  0.       0.       0.       0.02394  0.       0.       0.       0.00818  0.01253  0.00818  0.01253]
   [-0.00153 -0.00593  0.      -0.00338  0.01115 -0.0069   0.      -0.00456  0.00818 -0.01309 -0.00767 -0.00146 -0.00388]
   [-0.00088 -0.00325  0.      -0.00048  0.02136 -0.00399  0.      -0.00094  0.01253 -0.00767 -0.00634 -0.00388 -0.00463]
   [-0.00153 -0.00593  0.       0.00338  0.01115 -0.0069   0.       0.00456  0.00818 -0.00146 -0.00388 -0.01309 -0.00767]
   [-0.00088 -0.00325  0.       0.00048  0.02136 -0.00399  0.       0.00094  0.01253 -0.00388 -0.00463 -0.00767 -0.00634]]

  [[ 0.64641  0.09368  0.       0.       0.       0.09628  0.       0.       0.       0.01319  0.03268  0.01319  0.03268]
   [ 0.09368  0.26679  0.       0.      -0.       0.1774   0.       0.       0.       0.03732  0.07039  0.03732  0.07039]
   [ 0.       0.       0.2823   0.       0.       0.       0.10005  0.       0.       0.       0.       0.       0.     ]
   [ 0.       0.       0.       0.2823   0.       0.       0.       0.10005  0.       0.03127  0.017   -0.03127 -0.017  ]
   [ 0.      -0.       0.       0.       0.2823   0.       0.       0.       0.10005 -0.02623 -0.01426 -0.02623 -0.01426]
   [ 0.09628  0.1774   0.       0.       0.       0.17339  0.       0.       0.       0.05255  0.08828  0.05255  0.08828]
   [ 0.       0.       0.10005  0.       0.       0.       0.1189   0.       0.       0.       0.       0.       0.     ]
   [ 0.       0.       0.       0.10005  0.       0.       0.       0.1189   0.       0.04929  0.03344 -0.04929 -0.03344]
   [ 0.       0.       0.       0.       0.10005  0.       0.       0.       0.1189  -0.04134 -0.02805 -0.04134 -0.02805]
   [ 0.01319  0.03732  0.       0.03127 -0.02623  0.05255  0.       0.04929 -0.04134  0.10345  0.06595  0.00621  0.02589]
   [ 0.03268  0.07039  0.       0.017   -0.01426  0.08828  0.       0.03344 -0.02805  0.06595  0.08954  0.02589  0.05457]
   [ 0.01319  0.03732  0.      -0.03127 -0.02623  0.05255  0.      -0.04929 -0.04134  0.00621  0.02589  0.10345  0.06595]
   [ 0.03268  0.07039  0.      -0.017   -0.01426  0.08828  0.      -0.03344 -0.02805  0.02589  0.05457  0.06595  0.08954]]

  [[ 0.       0.       0.00756  0.       0.       0.       0.00086  0.       0.       0.       0.       0.       0.     ]
   [ 0.       0.       0.01118  0.       0.       0.       0.00334  0.       0.       0.       0.       0.       0.     ]
   [ 0.00756  0.01118  0.       0.      -0.       0.00731  0.       0.       0.       0.0011   0.00276  0.0011   0.00276]
   [ 0.       0.       0.       0.       0.       0.       0.       0.       0.       0.       0.       0.       0.     ]
   [ 0.       0.      -0.       0.       0.       0.       0.       0.       0.       0.       0.       0.       0.     ]
   [ 0.       0.       0.00731  0.       0.       0.       0.00331  0.       0.       0.       0.       0.       0.     ]
   [ 0.00086  0.00334  0.       0.       0.       0.00331  0.       0.       0.       0.00061  0.00163  0.00061  0.00163]
   [ 0.       0.       0.       0.       0.       0.       0.       0.       0.       0.       0.       0.       0.     ]
   [ 0.       0.       0.       0.       0.       0.       0.       0.       0.       0.       0.       0.       0.     ]
   [ 0.       0.       0.0011   0.       0.       0.       0.00061  0.       0.       0.       0.       0.       0.     ]
   [ 0.       0.       0.00276  0.       0.       0.       0.00163  0.       0.       0.       0.       0.       0.     ]
   [ 0.       0.       0.0011   0.       0.       0.       0.00061  0.       0.       0.       0.       0.       0.     ]
   [ 0.       0.       0.00276  0.       0.       0.       0.00163  0.       0.       0.       0.       0.       0.     ]]

  [[ 0.       0.       0.       0.00756  0.       0.       0.       0.00086  0.       0.00021  0.00012 -0.00021 -0.00012]
   [ 0.       0.       0.       0.01118  0.       0.       0.       0.00334  0.       0.00097  0.00053 -0.00097 -0.00053]
   [ 0.       0.       0.       0.       0.       0.       0.       0.       0.       0.       0.       0.       0.     ]
   [ 0.00756  0.01118  0.       0.      -0.       0.00731  0.       0.       0.       0.00165  0.00284  0.00165  0.00284]
   [ 0.       0.       0.      -0.       0.       0.       0.       0.       0.      -0.00047 -0.00007  0.00047  0.00007]
   [ 0.       0.       0.       0.00731  0.       0.       0.       0.00331  0.       0.00114  0.00066 -0.00114 -0.00066]
   [ 0.       0.       0.       0.       0.       0.       0.       0.       0.       0.       0.       0.       0.     ]
   [ 0.00086  0.00334  0.       0.       0.       0.00331  0.       0.       0.       0.00137  0.00179  0.00137  0.00179]
   [ 0.       0.       0.       0.       0.       0.       0.       0.       0.      -0.00064 -0.00013  0.00064  0.00013]
   [ 0.00021  0.00097  0.       0.00165 -0.00047  0.00114  0.       0.00137 -0.00064  0.0022   0.00129  0.       0.00042]
   [ 0.00012  0.00053  0.       0.00284 -0.00007  0.00066  0.       0.00179 -0.00013  0.00129  0.00106 -0.00042  0.     ]
   [-0.00021 -0.00097  0.       0.00165  0.00047 -0.00114  0.       0.00137  0.00064  0.      -0.00042 -0.0022  -0.00129]
   [-0.00012 -0.00053  0.       0.00284  0.00007 -0.00066  0.       0.00179  0.00013  0.00042  0.      -0.00129 -0.00106]]

  [[ 0.       0.       0.       0.       0.00756  0.       0.       0.       0.00086 -0.00018 -0.0001  -0.00018 -0.0001 ]
   [ 0.       0.       0.       0.       0.01118  0.       0.       0.       0.00334 -0.00082 -0.00045 -0.00082 -0.00045]
   [ 0.       0.       0.       0.       0.       0.       0.       0.       0.       0.       0.       0.       0.     ]
   [ 0.       0.       0.       0.       0.       0.       0.       0.       0.      -0.00047 -0.00007  0.00047  0.00007]
   [ 0.00756  0.01118  0.       0.       0.       0.00731  0.       0.       0.       0.00149  0.00281  0.00149  0.00281]
   [ 0.       0.       0.       0.       0.00731  0.       0.       0.       0.00331 -0.00096 -0.00056 -0.00096 -0.00056]
   [ 0.       0.       0.       0.       0.       0.       0.       0.       0.       0.       0.       0.       0.     ]
   [ 0.       0.       0.       0.       0.       0.       0.       0.       0.      -0.00064 -0.00013  0.00064  0.00013]
   [ 0.00086  0.00334  0.       0.       0.       0.00331  0.       0.       0.       0.00115  0.00175  0.00115  0.00175]
   [-0.00018 -0.00082  0.      -0.00047  0.00149 -0.00096  0.      -0.00064  0.00115 -0.00185 -0.00108 -0.0002  -0.00054]
   [-0.0001  -0.00045  0.      -0.00007  0.00281 -0.00056  0.      -0.00013  0.00175 -0.00108 -0.00089 -0.00054 -0.00065]
   [-0.00018 -0.00082  0.       0.00047  0.00149 -0.00096  0.       0.00064  0.00115 -0.0002  -0.00054 -0.00185 -0.00108]
   [-0.0001  -0.00045  0.       0.00007  0.00281 -0.00056  0.       0.00013  0.00175 -0.00054 -0.00065 -0.00108 -0.00089]]

  [[ 0.08768  0.01294  0.       0.00182 -0.00153  0.01319  0.       0.00021 -0.00018  0.0019   0.00453  0.00179  0.00447]
   [ 0.01294  0.03729  0.       0.00275 -0.00231  0.02479  0.       0.00083 -0.00069  0.00566  0.01007  0.00514  0.0098 ]
   [ 0.       0.       0.03913  0.       0.       0.       0.01394  0.       0.       0.       0.       0.       0.     ]
   [ 0.00182  0.00275  0.       0.0395  -0.00032  0.0018   0.       0.01404 -0.00008  0.00492  0.00311 -0.00406 -0.00169]
   [-0.00153 -0.00231  0.      -0.00032  0.03939 -0.00151  0.      -0.00008  0.01401 -0.00413 -0.00261 -0.00384 -0.00255]
   [ 0.01319  0.02479  0.       0.0018  -0.00151  0.02424  0.       0.00082 -0.00069  0.00787  0.01264  0.00726  0.0123 ]
   [ 0.       0.       0.01394  0.       0.       0.       0.01663  0.       0.       0.       0.       0.       0.     ]
   [ 0.00021  0.00083  0.       0.01404 -0.00008  0.00082  0.       0.01669 -0.00005  0.00741  0.00517 -0.00669 -0.00427]
   [-0.00018 -0.00069  0.      -0.00008  0.01401 -0.00069  0.      -0.00005  0.01667 -0.00622 -0.00434 -0.00586 -0.00425]
   [ 0.0019   0.00566  0.       0.00492 -0.00413  0.00787  0.       0.00741 -0.00622  0.0155   0.00982  0.00091  0.00385]
   [ 0.00453  0.01007  0.       0.00311 -0.00261  0.01264  0.       0.00517 -0.00434  0.00982  0.01301  0.00363  0.00778]
   [ 0.00179  0.00514  0.      -0.00406 -0.00384  0.00726  0.      -0.00669 -0.00586  0.00091  0.00363  0.01431  0.00913]
   [ 0.00447  0.0098   0.      -0.00169 -0.00255  0.0123   0.      -0.00427 -0.00425  0.00385  0.00778  0.00913  0.01246]]

  [[ 0.21879  0.03188  0.       0.00105 -0.00088  0.03268  0.       0.00012 -0.0001   0.00453  0.01112  0.00447  0.01109]
   [ 0.03188  0.0911   0.       0.00157 -0.00132  0.06058  0.       0.00047 -0.0004   0.01298  0.02417  0.01271  0.02402]
   [ 0.       0.       0.09629  0.       0.       0.       0.03417  0.       0.       0.       0.       0.       0.     ]
   [ 0.00105  0.00157  0.       0.09634 -0.00004  0.00103  0.       0.03418 -0.00001  0.01098  0.00622 -0.0105  -0.00542]
   [-0.00088 -0.00132  0.      -0.00004  0.09632 -0.00086  0.      -0.00001  0.03418 -0.00921 -0.00522 -0.00907 -0.00519]
   [ 0.03268  0.06058  0.       0.00103 -0.00086  0.05921  0.       0.00047 -0.00039  0.01823  0.03032  0.0179   0.03013]
   [ 0.       0.       0.03417  0.       0.       0.       0.04063  0.       0.       0.       0.       0.       0.     ]
   [ 0.00012  0.00047  0.       0.03418 -0.00001  0.00047  0.       0.04064 -0.00001  0.01712  0.0117  -0.01673 -0.01119]
   [-0.0001  -0.0004   0.      -0.00001  0.03418 -0.00039  0.      -0.00001  0.04064 -0.01436 -0.00982 -0.01417 -0.00978]
   [ 0.00453  0.01298  0.       0.01098 -0.00921  0.01823  0.       0.01712 -0.01436  0.03589  0.02285  0.00215  0.00897]
   [ 0.01112  0.02417  0.       0.00622 -0.00522  0.03032  0.       0.0117  -0.00982  0.02285  0.03085  0.00885  0.01872]
   [ 0.00447  0.01271  0.      -0.0105  -0.00907  0.0179   0.      -0.01673 -0.01417  0.00215  0.00885  0.03526  0.02248]
   [ 0.01109  0.02402  0.      -0.00542 -0.00519  0.03013  0.      -0.01119 -0.00978  0.00897  0.01872  0.02248  0.03055]]

  [[ 0.08768  0.01294  0.      -0.00182 -0.00153  0.01319  0.      -0.00021 -0.00018  0.00179  0.00447  0.0019   0.00453]
   [ 0.01294  0.03729  0.      -0.00275 -0.00231  0.02479  0.      -0.00083 -0.00069  0.00514  0.0098   0.00566  0.01007]
   [ 0.       0.       0.03913  0.       0.       0.       0.01394  0.       0.       0.       0.       0.       0.     ]
   [-0.00182 -0.00275  0.       0.0395   0.00032 -0.0018   0.       0.01404  0.00008  0.00406  0.00169 -0.00492 -0.00311]
   [-0.00153 -0.00231  0.       0.00032  0.03939 -0.00151  0.       0.00008  0.01401 -0.00384 -0.00255 -0.00413 -0.00261]
   [ 0.01319  0.02479  0.      -0.0018  -0.00151  0.02424  0.      -0.00082 -0.00069  0.00726  0.0123   0.00787  0.01264]
   [ 0.       0.       0.01394  0.       0.       0.       0.01663  0.       0.       0.       0.       0.       0.     ]
   [-0.00021 -0.00083  0.       0.01404  0.00008 -0.00082  0.       0.01669  0.00005  0.00669  0.00427 -0.00741 -0.00517]
   [-0.00018 -0.00069  0.       0.00008  0.01401 -0.00069  0.       0.00005  0.01667 -0.00586 -0.00425 -0.00622 -0.00434]
   [ 0.00179  0.00514  0.       0.00406 -0.00384  0.00726  0.       0.00669 -0.00586  0.01431  0.00913  0.00091  0.00363]
   [ 0.00447  0.0098   0.       0.00169 -0.00255  0.0123   0.       0.00427 -0.00425  0.00913  0.01246  0.00385  0.00778]
   [ 0.0019   0.00566  0.      -0.00492 -0.00413  0.00787  0.      -0.00741 -0.00622  0.00091  0.00385  0.0155   0.00982]
   [ 0.00453  0.01007  0.      -0.00311 -0.00261  0.01264  0.      -0.00517 -0.00434  0.00363  0.00778  0.00982  0.01301]]

  [[ 0.21879  0.03188  0.      -0.00105 -0.00088  0.03268  0.      -0.00012 -0.0001   0.00447  0.01109  0.00453  0.01112]
   [ 0.03188  0.0911   0.      -0.00157 -0.00132  0.06058  0.      -0.00047 -0.0004   0.01271  0.02402  0.01298  0.02417]
   [ 0.       0.       0.09629  0.       0.       0.       0.03417  0.       0.       0.       0.       0.       0.     ]
   [-0.00105 -0.00157  0.       0.09634  0.00004 -0.00103  0.       0.03418  0.00001  0.0105   0.00542 -0.01098 -0.00622]
   [-0.00088 -0.00132  0.       0.00004  0.09632 -0.00086  0.       0.00001  0.03418 -0.00907 -0.00519 -0.00921 -0.00522]
   [ 0.03268  0.06058  0.      -0.00103 -0.00086  0.05921  0.      -0.00047 -0.00039  0.0179   0.03013  0.01823  0.03032]
   [ 0.       0.       0.03417  0.       0.       0.       0.04063  0.       0.       0.       0.       0.       0.     ]
   [-0.00012 -0.00047  0.       0.03418  0.00001 -0.00047  0.       0.04064  0.00001  0.01673  0.01119 -0.01712 -0.0117 ]
   [-0.0001  -0.0004   0.       0.00001  0.03418 -0.00039  0.       0.00001  0.04064 -0.01417 -0.00978 -0.01436 -0.00982]
   [ 0.00447  0.01271  0.       0.0105  -0.00907  0.0179   0.       0.01673 -0.01417  0.03526  0.02248  0.00215  0.00885]
   [ 0.01109  0.02402  0.       0.00542 -0.00519  0.03013  0.       0.01119 -0.00978  0.02248  0.03055  0.00897  0.01872]
   [ 0.00453  0.01298  0.      -0.01098 -0.00921  0.01823  0.      -0.01712 -0.01436  0.00215  0.00897  0.03589  0.02285]
   [ 0.01112  0.02417  0.      -0.00622 -0.00522  0.03032  0.      -0.0117  -0.00982  0.00885  0.01872  0.02285  0.03085]]]


 [[[ 0.56574  0.09871  0.       0.       0.       0.09368  0.       0.       0.       0.01294  0.03188  0.01294  0.03188]
   [ 0.09871  0.30149  0.       0.      -0.       0.20024  0.       0.       0.       0.0423   0.07959  0.0423   0.07959]
   [ 0.       0.       0.31357  0.       0.       0.       0.11337  0.       0.       0.       0.       0.       0.     ]
   [ 0.       0.       0.       0.31357  0.       0.       0.       0.11337  0.       0.0355   0.0193  -0.0355  -0.0193 ]
   [ 0.      -0.       0.       0.       0.31357  0.       0.       0.       0.11337 -0.02978 -0.01619 -0.02978 -0.01619]
   [ 0.09368  0.20024  0.       0.       0.       0.19557  0.       0.       0.       0.0597   0.10002  0.0597   0.10002]
   [ 0.       0.       0.11337  0.       0.       0.       0.13576  0.       0.       0.       0.       0.       0.     ]
   [ 0.       0.       0.       0.11337  0.       0.       0.       0.13576  0.       0.05629  0.0382  -0.05629 -0.0382 ]
   [ 0.       0.       0.       0.       0.11337  0.       0.       0.       0.13576 -0.04722 -0.03205 -0.04722 -0.03205]
   [ 0.01294  0.0423   0.       0.0355  -0.02978  0.0597   0.       0.05629 -0.04722  0.11815  0.07523  0.00705  0.02947]
   [ 0.03188  0.07959  0.       0.0193  -0.01619  0.10002  0.       0.0382  -0.03205  0.07523  0.10202  0.02947  0.06207]
   [ 0.01294  0.0423   0.      -0.0355  -0.02978  0.0597   0.      -0.05629 -0.04722  0.00705  0.02947  0.11815  0.07523]
   [ 0.03188  0.07959  0.      -0.0193  -0.01619  0.10002  0.      -0.0382  -0.03205  0.02947  0.06207  0.07523  0.10202]]

  [[ 1.47885  0.30149  0.       0.       0.       0.26679  0.       0.       0.       0.03729  0.0911   0.03729  0.0911 ]
   [ 0.30149  1.20719  0.       0.       0.       0.82281  0.       0.       0.       0.18036  0.33232  0.18036  0.33232]
   [ 0.       0.       1.2004   0.       0.       0.       0.48986  0.       0.       0.       0.       0.       0.     ]
   [ 0.       0.       0.       1.2004   0.       0.       0.       0.48986  0.       0.15627  0.08469 -0.15627 -0.08469]
   [ 0.       0.       0.       0.       1.2004   0.       0.       0.       0.48986 -0.13109 -0.07104 -0.13109 -0.07104]
   [ 0.26679  0.82281  0.       0.       0.       0.84978  0.       0.       0.       0.2717   0.44771  0.2717   0.44771]
   [ 0.       0.       0.48986  0.       0.       0.       0.63688  0.       0.       0.       0.       0.       0.     ]
   [ 0.       0.       0.       0.48986  0.       0.       0.       0.63688  0.       0.2658   0.18078 -0.2658  -0.18078]
   [ 0.       0.       0.       0.       0.48986  0.       0.       0.       0.63688 -0.22298 -0.15165 -0.22298 -0.15165]
   [ 0.03729  0.18036  0.       0.15627 -0.13109  0.2717   0.       0.2658  -0.22298  0.56053  0.35377  0.03184  0.13608]
   [ 0.0911   0.33232  0.       0.08469 -0.07104  0.44771  0.       0.18078 -0.15165  0.35377  0.47627  0.13608  0.28588]
   [ 0.03729  0.18036  0.      -0.15627 -0.13109  0.2717   0.      -0.2658  -0.22298  0.03184  0.13608  0.56053  0.35377]
   [ 0.0911   0.33232  0.      -0.08469 -0.07104  0.44771  0.      -0.18078 -0.15165  0.13608  0.28588  0.35377  0.47627]]

  [[ 0.       0.       0.08491  0.       0.       0.       0.01118  0.       0.       0.       0.       0.       0.     ]
   [ 0.       0.       0.27227  0.       0.       0.       0.10416  0.       0.       0.       0.       0.       0.     ]
   [ 0.08491  0.27227  0.       0.      -0.       0.1889   0.       0.       0.       0.03     0.07477  0.03     0.07477]
   [ 0.       0.       0.       0.       0.       0.       0.       0.       0.       0.       0.       0.       0.     ]
   [ 0.       0.      -0.       0.       0.       0.       0.       0.       0.       0.       0.       0.       0.     ]
   [ 0.       0.       0.1889   0.       0.       0.       0.12321  0.       0.       0.       0.       0.       0.     ]
   [ 0.01118  0.10416  0.       0.       0.       0.12321  0.       0.      -0.       0.02368  0.06468  0.02368  0.06468]
   [ 0.       0.       0.       0.       0.       0.       0.       0.       0.       0.       0.       0.       0.     ]
   [ 0.       0.       0.       0.       0.       0.      -0.       0.       0.       0.       0.       0.       0.     ]
   [ 0.       0.       0.03     0.       0.       0.       0.02368  0.       0.       0.       0.       0.       0.     ]
   [ 0.       0.       0.07477  0.       0.       0.       0.06468  0.       0.       0.       0.       0.       0.     ]
   [ 0.       0.       0.03     0.       0.       0.       0.02368  0.       0.       0.       0.       0.       0.     ]
   [ 0.       0.       0.07477  0.       0.       0.       0.06468  0.       0.       0.       0.       0.       0.     ]]

  [[ 0.       0.       0.       0.08491  0.       0.       0.       0.01118  0.       0.00275  0.00157 -0.00275 -0.00157]
   [ 0.       0.       0.       0.27227  0.       0.       0.       0.10416  0.       0.03167  0.0172  -0.03167 -0.0172 ]
   [ 0.       0.       0.       0.       0.       0.       0.       0.       0.       0.       0.       0.       0.     ]
   [ 0.08491  0.27227  0.       0.      -0.       0.1889   0.       0.       0.       0.05035  0.07772  0.05035  0.07772]
   [ 0.       0.       0.      -0.       0.       0.       0.       0.       0.      -0.01708 -0.00247  0.01708  0.00247]
   [ 0.       0.       0.       0.1889   0.       0.       0.       0.12321  0.       0.04503  0.02623 -0.04503 -0.02623]
   [ 0.       0.       0.       0.       0.       0.       0.       0.       0.       0.       0.       0.       0.     ]
   [ 0.01118  0.10416  0.       0.       0.       0.12321  0.       0.      -0.       0.05747  0.0718   0.05747  0.0718 ]
   [ 0.       0.       0.       0.       0.       0.       0.      -0.       0.      -0.02834 -0.00597  0.02834  0.00597]
   [ 0.00275  0.03167  0.       0.05035 -0.01708  0.04503  0.       0.05747 -0.02834  0.09761  0.05535  0.       0.01716]
   [ 0.00157  0.0172   0.       0.07772 -0.00247  0.02623  0.       0.0718  -0.00597  0.05535  0.04574 -0.01716  0.     ]
   [-0.00275 -0.03167  0.       0.05035  0.01708 -0.04503  0.       0.05747  0.02834  0.      -0.01716 -0.09761 -0.05535]
   [-0.00157 -0.0172   0.       0.07772  0.00247 -0.02623  0.       0.0718   0.00597  0.01716  0.      -0.05535 -0.04574]]

  [[-0.      -0.       0.       0.       0.08491 -0.       0.       0.       0.01118 -0.00231 -0.00132 -0.00231 -0.00132]
   [-0.       0.       0.       0.       0.27227 -0.       0.       0.       0.10416 -0.02657 -0.01443 -0.02657 -0.01443]
   [ 0.       0.      -0.       0.       0.       0.      -0.       0.       0.       0.       0.       0.       0.     ]
   [ 0.       0.       0.      -0.       0.       0.       0.      -0.       0.      -0.01708 -0.00247  0.01708  0.00247]
   [ 0.08491  0.27227  0.       0.      -0.       0.1889   0.       0.       0.       0.04432  0.07684  0.04432  0.07684]
   [-0.      -0.       0.       0.       0.1889  -0.       0.       0.       0.12321 -0.03777 -0.022   -0.03777 -0.022  ]
   [ 0.       0.      -0.       0.       0.       0.      -0.       0.       0.       0.       0.       0.       0.     ]
   [ 0.       0.       0.      -0.       0.       0.       0.      -0.       0.      -0.02834 -0.00597  0.02834  0.00597]
   [ 0.01118  0.10416  0.       0.       0.       0.12321  0.       0.      -0.       0.04746  0.06969  0.04746  0.06969]
   [-0.00231 -0.02657  0.      -0.01708  0.04432 -0.03777  0.      -0.02834  0.04746 -0.08188 -0.04643 -0.00772 -0.0222 ]
   [-0.00132 -0.01443  0.      -0.00247  0.07684 -0.022    0.      -0.00597  0.06969 -0.04643 -0.03837 -0.0222  -0.0273 ]
   [-0.00231 -0.02657  0.       0.01708  0.04432 -0.03777  0.       0.02834  0.04746 -0.00772 -0.0222  -0.08188 -0.04643]
   [-0.00132 -0.01443  0.       0.00247  0.07684 -0.022    0.       0.00597  0.06969 -0.0222  -0.0273  -0.04643 -0.03837]]

  [[ 0.98487  0.20024  0.       0.       0.       0.1774   0.       0.       0.       0.02479  0.06058  0.02479  0.06058]
   [ 0.20024  0.82281  0.       0.      -0.       0.56745  0.       0.       0.       0.12575  0.23031  0.12575  0.23031]
   [ 0.       0.       0.81868  0.       0.       0.       0.3437   0.       0.       0.       0.       0.       0.     ]
   [ 0.       0.       0.       0.81868  0.       0.       0.       0.3437   0.       0.11038  0.05977 -0.11038 -0.05977]
   [ 0.      -0.       0.       0.       0.81868  0.       0.       0.       0.3437  -0.09259 -0.05014 -0.09259 -0.05014]
   [ 0.1774   0.56745  0.       0.       0.       0.60219  0.       0.       0.       0.1958   0.32102  0.1958   0.32102]
   [ 0.       0.       0.3437   0.       0.       0.       0.46374  0.       0.       0.       0.       0.       0.     ]
   [ 0.       0.       0.       0.3437   0.       0.       0.       0.46374  0.       0.19438  0.13253 -0.19438 -0.13253]
   [ 0.       0.       0.       0.       0.3437   0.       0.       0.       0.46374 -0.16307 -0.11118 -0.16307 -0.11118]
   [ 0.02479  0.12575  0.       0.11038 -0.09259  0.1958   0.       0.19438 -0.16307  0.41181  0.25896  0.02283  0.09875]
   [ 0.06058  0.23031  0.       0.05977 -0.05014  0.32102  0.       0.13253 -0.11118  0.25896  0.34805  0.09875  0.2076 ]
   [ 0.02479  0.12575  0.      -0.11038 -0.09259  0.1958   0.      -0.19438 -0.16307  0.02283  0.09875  0.41181  0.25896]
   [ 0.06058  0.23031  0.      -0.05977 -0.05014  0.32102  0.      -0.13253 -0.11118  0.09875  0.2076   0.25896  0.34805]]

  [[ 0.       0.       0.02446  0.       0.       0.       0.00334  0.       0.       0.       0.       0.       0.     ]
   [ 0.       0.       0.10416  0.       0.       0.       0.0453   0.       0.       0.       0.       0.       0.     ]
   [ 0.02446  0.10416  0.       0.      -0.       0.07753  0.       0.       0.       0.0127   0.03157  0.0127   0.03157]
   [ 0.       0.       0.       0.       0.       0.       0.       0.       0.       0.       0.       0.       0.     ]
   [ 0.       0.      -0.       0.       0.       0.       0.       0.       0.       0.       0.       0.       0.     ]
   [ 0.       0.       0.07753  0.       0.       0.       0.06228  0.       0.       0.       0.       0.       0.     ]
   [ 0.00334  0.0453   0.       0.       0.       0.06228  0.       0.       0.       0.01237  0.0343   0.01237  0.0343 ]
   [ 0.       0.       0.       0.       0.       0.       0.       0.       0.       0.       0.       0.       0.     ]
   [ 0.       0.       0.       0.       0.       0.       0.       0.       0.       0.       0.       0.       0.     ]
   [ 0.       0.       0.0127   0.       0.       0.       0.01237  0.       0.       0.       0.       0.       0.     ]
   [ 0.       0.       0.03157  0.       0.       0.       0.0343   0.       0.       0.       0.       0.       0.     ]
   [ 0.       0.       0.0127   0.       0.       0.       0.01237  0.       0.       0.       0.       0.       0.     ]
   [ 0.       0.       0.03157  0.       0.       0.       0.0343   0.       0.       0.       0.       0.       0.     ]]

  [[ 0.       0.       0.       0.02446  0.       0.       0.       0.00334  0.       0.00083  0.00047 -0.00083 -0.00047]
   [ 0.       0.       0.       0.10416  0.       0.       0.       0.0453   0.       0.01418  0.00766 -0.01418 -0.00766]
   [ 0.       0.       0.       0.       0.       0.       0.       0.       0.       0.       0.       0.       0.     ]
   [ 0.02446  0.10416  0.       0.      -0.       0.07753  0.       0.       0.       0.02253  0.03301  0.02253  0.03301]
   [ 0.       0.       0.      -0.       0.       0.       0.       0.       0.      -0.00825 -0.00121  0.00825  0.00121]
   [ 0.       0.       0.       0.07753  0.       0.       0.       0.06228  0.       0.02363  0.01391 -0.02363 -0.01391]
   [ 0.       0.       0.       0.       0.       0.       0.       0.       0.       0.       0.       0.       0.     ]
   [ 0.00334  0.0453   0.       0.       0.       0.06228  0.       0.       0.       0.03149  0.03842  0.03149  0.03842]
   [ 0.       0.       0.       0.       0.       0.       0.       0.       0.      -0.01604 -0.00346  0.01604  0.00346]
   [ 0.00083  0.01418  0.       0.02253 -0.00825  0.02363  0.       0.03149 -0.01604  0.05607  0.03123  0.       0.00931]
   [ 0.00047  0.00766  0.       0.03301 -0.00121  0.01391  0.       0.03842 -0.00346  0.03123  0.02603 -0.00931  0.     ]
   [-0.00083 -0.01418  0.       0.02253  0.00825 -0.02363  0.       0.03149  0.01604  0.      -0.00931 -0.05607 -0.03123]
   [-0.00047 -0.00766  0.       0.03301  0.00121 -0.01391  0.       0.03842  0.00346  0.00931  0.      -0.03123 -0.02603]]

  [[ 0.       0.       0.       0.       0.02446  0.       0.       0.       0.00334 -0.00069 -0.0004  -0.00069 -0.0004 ]
   [ 0.       0.       0.       0.       0.10416  0.       0.       0.       0.0453  -0.01189 -0.00643 -0.01189 -0.00643]
   [ 0.       0.       0.       0.       0.       0.       0.       0.       0.       0.       0.       0.       0.     ]
   [ 0.       0.       0.       0.       0.       0.       0.       0.       0.      -0.00825 -0.00121  0.00825  0.00121]
   [ 0.02446  0.10416  0.       0.       0.       0.07753  0.       0.       0.       0.01961  0.03258  0.01961  0.03258]
   [ 0.       0.       0.       0.       0.07753  0.       0.       0.       0.06228 -0.01982 -0.01166 -0.01982 -0.01166]
   [ 0.       0.       0.       0.       0.       0.       0.       0.       0.       0.       0.       0.       0.     ]
   [ 0.       0.       0.       0.       0.       0.       0.       0.       0.      -0.01604 -0.00346  0.01604  0.00346]
   [ 0.00334  0.0453   0.       0.       0.       0.06228  0.       0.       0.       0.02583  0.0372   0.02583  0.0372 ]
   [-0.00069 -0.01189  0.      -0.00825  0.01961 -0.01982  0.      -0.01604  0.02583 -0.04703 -0.02619 -0.00393 -0.01203]
   [-0.0004  -0.00643  0.      -0.00121  0.03258 -0.01166  0.      -0.00346  0.0372  -0.02619 -0.02184 -0.01203 -0.01523]
   [-0.00069 -0.01189  0.       0.00825  0.01961 -0.01982  0.       0.01604  0.02583 -0.00393 -0.01203 -0.04703 -0.02619]
   [-0.0004  -0.00643  0.       0.00121  0.03258 -0.01166  0.       0.00346  0.0372  -0.01203 -0.01523 -0.02619 -0.02184]]

  [[ 0.2061   0.0423   0.       0.00707 -0.00593  0.03732  0.       0.00097 -0.00082  0.00566  0.01298  0.00514  0.01271]
   [ 0.0423   0.18036  0.       0.03167 -0.02657  0.12575  0.       0.01418 -0.01189  0.03733  0.0556   0.02628  0.05048]
   [ 0.       0.       0.17466  0.       0.       0.       0.07498  0.       0.       0.       0.       0.       0.     ]
   [ 0.00707  0.03167  0.       0.1826  -0.00666  0.02402  0.       0.07927 -0.0036   0.03692  0.02511 -0.0196  -0.00336]
   [-0.00593 -0.02657  0.      -0.00666  0.18025 -0.02015  0.      -0.0036   0.078   -0.03097 -0.02106 -0.02239 -0.01894]
   [ 0.03732  0.12575  0.       0.02402 -0.02015  0.13692  0.       0.02032 -0.01705  0.06196  0.0822   0.04178  0.07224]
   [ 0.       0.       0.07498  0.       0.       0.       0.10507  0.       0.       0.       0.       0.       0.     ]
   [ 0.00097  0.01418  0.       0.07927 -0.0036   0.02032  0.       0.11055 -0.00459  0.06535  0.04657 -0.03855 -0.01902]
   [-0.00082 -0.01189  0.      -0.0036   0.078   -0.01705  0.      -0.00459  0.10892 -0.05482 -0.03907 -0.03817 -0.03426]
   [ 0.00566  0.03733  0.       0.03692 -0.03097  0.06196  0.       0.06535 -0.05482  0.14187  0.08397  0.00635  0.03102]
   [ 0.01298  0.0556   0.       0.02511 -0.02106  0.0822   0.       0.04657 -0.03907  0.08397  0.09857  0.02253  0.05267]
   [ 0.00514  0.02628  0.      -0.0196  -0.02239  0.04178  0.      -0.03855 -0.03817  0.00635  0.02253  0.08777  0.05594]
   [ 0.01271  0.05048  0.      -0.00336 -0.01894  0.07224  0.      -0.01902 -0.03426  0.03102  0.05267  0.05594  0.0781 ]]

  [[ 0.38996  0.07959  0.       0.00388 -0.00325  0.07039  0.       0.00053 -0.00045  0.01007  0.02417  0.0098   0.02402]
   [ 0.07959  0.33232  0.       0.0172  -0.01443  0.23031  0.       0.00766 -0.00643  0.0556   0.09593  0.05048  0.09328]
   [ 0.       0.       0.3298   0.       0.       0.       0.14018  0.       0.       0.       0.       0.       0.     ]
   [ 0.00388  0.0172   0.       0.33093 -0.00095  0.01301  0.       0.1408  -0.00052  0.05063  0.03039 -0.04252 -0.01907]
   [-0.00325 -0.01443  0.      -0.00095  0.3306  -0.01091  0.      -0.00052  0.14062 -0.04247 -0.02549 -0.03918 -0.02488]
   [ 0.07039  0.23031  0.       0.01301 -0.01091  0.24733  0.       0.01095 -0.00918  0.08861  0.13686  0.0796   0.13179]
   [ 0.       0.       0.14018  0.       0.       0.       0.19232  0.       0.       0.       0.       0.       0.     ]
   [ 0.00053  0.00766  0.       0.1408  -0.00052  0.01095  0.       0.19314 -0.00068  0.08965  0.06291 -0.07756 -0.04889]
   [-0.00045 -0.00643  0.      -0.00052  0.14062 -0.00918  0.      -0.00068  0.1929  -0.07521 -0.05277 -0.06862 -0.05115]
   [ 0.01007  0.0556   0.       0.05063 -0.04247  0.08861  0.       0.08965 -0.07521  0.19077  0.11824  0.01001  0.04468]
   [ 0.02417  0.09593  0.       0.03039 -0.02549  0.13686  0.       0.06291 -0.05277  0.11824  0.15335  0.04103  0.08855]
   [ 0.0098   0.05048  0.      -0.04252 -0.03918  0.0796   0.      -0.07756 -0.06862  0.01001  0.04103  0.16828  0.10598]
   [ 0.02402  0.09328  0.      -0.01907 -0.02488  0.13179  0.      -0.04889 -0.05115  0.04468  0.08855  0.10598  0.14347]]

  [[ 0.2061   0.0423   0.      -0.00707 -0.00593  0.03732  0.      -0.00097 -0.00082  0.00514  0.01271  0.00566  0.01298]
   [ 0.0423   0.18036  0.      -0.03167 -0.02657  0.12575  0.      -0.01418 -0.01189  0.02628  0.05048  0.03733  0.0556 ]
   [ 0.       0.       0.17466  0.       0.       0.       0.07498  0.       0.       0.       0.       0.       0.     ]
   [-0.00707 -0.03167  0.       0.1826   0.00666 -0.02402  0.       0.07927  0.0036   0.0196   0.00336 -0.03692 -0.02511]
   [-0.00593 -0.02657  0.       0.00666  0.18025 -0.02015  0.       0.0036   0.078   -0.02239 -0.01894 -0.03097 -0.02106]
   [ 0.03732  0.12575  0.      -0.02402 -0.02015  0.13692  0.      -0.02032 -0.01705  0.04178  0.07224  0.06196  0.0822 ]
   [ 0.       0.       0.07498  0.       0.       0.       0.10507  0.       0.       0.       0.       0.       0.     ]
   [-0.00097 -0.01418  0.       0.07927  0.0036  -0.02032  0.       0.11055  0.00459  0.03855  0.01902 -0.06535 -0.04657]
   [-0.00082 -0.01189  0.       0.0036   0.078   -0.01705  0.       0.00459  0.10892 -0.03817 -0.03426 -0.05482 -0.03907]
   [ 0.00514  0.02628  0.       0.0196  -0.02239  0.04178  0.       0.03855 -0.03817  0.08777  0.05594  0.00635  0.02253]
   [ 0.01271  0.05048  0.       0.00336 -0.01894  0.07224  0.       0.01902 -0.03426  0.05594  0.0781   0.03102  0.05267]
   [ 0.00566  0.03733  0.      -0.03692 -0.03097  0.06196  0.      -0.06535 -0.05482  0.00635  0.03102  0.14187  0.08397]
   [ 0.01298  0.0556   0.      -0.02511 -0.02106  0.0822   0.      -0.04657 -0.03907  0.02253  0.05267  0.08397  0.09857]]

  [[ 0.38996  0.07959  0.      -0.00388 -0.00325  0.07039  0.      -0.00053 -0.00045  0.0098   0.02402  0.01007  0.02417]
   [ 0.07959  0.33232  0.      -0.0172  -0.01443  0.23031  0.      -0.00766 -0.00643  0.05048  0.09328  0.0556   0.09593]
