[[30.46994 -2.85421  0.       0.       0.       0.19896  0.       0.      -0.      -0.03584  0.02116 -0.03584  0.02116]
 [-2.85421  2.78788  0.       0.      -0.       0.65239  0.       0.      -0.      -0.03622  0.1001  -0.03622  0.1001 ]
 [ 0.       0.       5.35131  0.       0.       0.       0.76116  0.       0.       0.       0.       0.       0.     ]
 [ 0.       0.       0.       5.35131  0.       0.       0.       0.76116  0.       0.11827  0.05935 -0.11827 -0.05935]
 [ 0.      -0.       0.       0.       5.35131  0.       0.       0.       0.76116 -0.09921 -0.04979 -0.09921 -0.04979]
 [ 0.19896  0.65239  0.       0.       0.       0.56053  0.       0.       0.       0.13504  0.17043  0.13504  0.17043]
 [ 0.       0.       0.76116  0.       0.       0.       0.93421  0.       0.       0.       0.       0.       0.     ]
 [ 0.       0.       0.       0.76116  0.       0.       0.       0.93421  0.       0.38715  0.1758  -0.38715 -0.1758 ]
 [-0.      -0.       0.       0.       0.76116  0.       0.       0.       0.93421 -0.32477 -0.14747 -0.32477 -0.14747]
 [-0.03584 -0.03622  0.       0.11827 -0.09921  0.13504  0.       0.38715 -0.32477  1.5494   0.29315 -0.05453  0.02532]
 [ 0.02116  0.1001   0.       0.05935 -0.04979  0.17043  0.       0.1758  -0.14747  0.29315  0.27479  0.02532  0.07768]
 [-0.03584 -0.03622  0.      -0.11827 -0.09921  0.13504  0.      -0.38715 -0.32477 -0.05453  0.02532  1.5494   0.29315]
 [ 0.02116  0.1001   0.      -0.05935 -0.04979  0.17043  0.      -0.1758  -0.14747  0.02532  0.07768  0.29315  0.27479]]