[[[[ 4.90686  0.56574  0.       0.       0.       0.64641  0.       0.       0.       0.00016  0.05116  0.00016  0.05116]
   [ 0.56574  1.47885  0.       0.      -0.       0.98487  0.       0.      -0.       0.00201  0.10199  0.00201  0.10199]
   [ 0.       0.       1.6009   0.       0.       0.       0.55274  0.       0.       0.       0.       0.       0.     ]
   [ 0.       0.       0.       1.6009   0.       0.       0.       0.55274  0.       0.00286  0.04574 -0.00286 -0.04574]
   [ 0.      -0.       0.       0.       1.6009  -0.       0.       0.       0.55274 -0.0024  -0.03837 -0.0024  -0.03837]
   [ 0.64641  0.98487  0.       0.      -0.       0.96442  0.       0.       0.       0.02038  0.15812  0.02038  0.15812]
   [ 0.       0.       0.55274  0.       0.       0.       0.65016  0.       0.       0.       0.       0.       0.     ]
   [ 0.       0.       0.       0.55274  0.       0.       0.       0.65016  0.       0.04071  0.11806 -0.04071 -0.11806]
   [ 0.      -0.       0.       0.       0.55274  0.       0.       0.       0.65016 -0.03415 -0.09904 -0.03415 -0.09904]
   [ 0.00016  0.00201  0.       0.00286 -0.0024   0.02038  0.       0.04071 -0.03415  0.29964  0.19354  0.00001  0.00462]
   [ 0.05116  0.10199  0.       0.04574 -0.03837  0.15812  0.       0.11806 -0.09904  0.19354  0.29829  0.00462  0.03962]
   [ 0.00016  0.00201  0.      -0.00286 -0.0024   0.02038  0.      -0.04071 -0.03415  0.00001  0.00462  0.29964  0.19354]
   [ 0.05116  0.10199  0.      -0.04574 -0.03837  0.15812  0.      -0.11806 -0.09904  0.00462  0.03962  0.19354  0.29829]]

  [[ 0.56574  0.09871  0.       0.      -0.       0.09368  0.       0.      -0.       0.00003  0.00748  0.00003  0.00748]
   [ 0.09871  0.30149  0.       0.      -0.       0.20024  0.       0.      -0.       0.00042  0.02087  0.00042  0.02087]
   [ 0.       0.       0.31357  0.       0.       0.       0.11337  0.       0.       0.       0.       0.       0.     ]
   [ 0.       0.       0.       0.31357  0.       0.       0.       0.11337  0.       0.0006   0.00943 -0.0006  -0.00943]
   [-0.      -0.       0.       0.       0.31357 -0.       0.       0.       0.11337 -0.0005  -0.00791 -0.0005  -0.00791]
   [ 0.09368  0.20024  0.       0.      -0.       0.19557  0.       0.       0.       0.00426  0.03259  0.00426  0.03259]
   [ 0.       0.       0.11337  0.       0.       0.       0.13576  0.       0.       0.       0.       0.       0.     ]
   [ 0.       0.       0.       0.11337  0.       0.       0.       0.13576  0.       0.00852  0.02468 -0.00852 -0.02468]
   [-0.      -0.       0.       0.       0.11337  0.       0.       0.       0.13576 -0.00715 -0.02071 -0.00715 -0.02071]
   [ 0.00003  0.00042  0.       0.0006  -0.0005   0.00426  0.       0.00852 -0.00715  0.06269  0.04049  0.       0.00097]
   [ 0.00748  0.02087  0.       0.00943 -0.00791  0.03259  0.       0.02468 -0.02071  0.04049  0.06237  0.00097  0.00825]
   [ 0.00003  0.00042  0.      -0.0006  -0.0005   0.00426  0.      -0.00852 -0.00715  0.       0.00097  0.06269  0.04049]
   [ 0.00748  0.02087  0.      -0.00943 -0.00791  0.03259  0.      -0.02468 -0.02071  0.00097  0.00825  0.04049  0.06237]]

  [[ 0.       0.       0.06873  0.       0.       0.       0.00756  0.       0.       0.       0.       0.       0.     ]
   [ 0.       0.       0.08491  0.       0.       0.       0.02446  0.       0.       0.       0.       0.       0.     ]
   [ 0.06873  0.08491  0.       0.      -0.       0.05597  0.       0.      -0.       0.00004  0.00513  0.00004  0.00513]
   [ 0.       0.       0.       0.       0.       0.       0.       0.       0.       0.       0.       0.       0.     ]
   [ 0.       0.      -0.       0.       0.       0.      -0.       0.       0.       0.       0.       0.       0.     ]
   [ 0.       0.       0.05597  0.       0.       0.       0.02394  0.       0.       0.       0.       0.       0.     ]
   [ 0.00756  0.02446  0.       0.      -0.       0.02394  0.       0.      -0.       0.00012  0.00336  0.00012  0.00336]
   [ 0.       0.       0.       0.       0.       0.       0.       0.       0.       0.       0.       0.       0.     ]
   [ 0.       0.      -0.       0.       0.       0.      -0.       0.       0.       0.       0.       0.       0.     ]
   [ 0.       0.       0.00004  0.       0.       0.       0.00012  0.       0.       0.       0.       0.       0.     ]
   [ 0.       0.       0.00513  0.       0.       0.       0.00336  0.       0.       0.       0.       0.       0.     ]
   [ 0.       0.       0.00004  0.       0.       0.       0.00012  0.       0.       0.       0.       0.       0.     ]
   [ 0.       0.       0.00513  0.       0.       0.       0.00336  0.       0.       0.       0.       0.       0.     ]]

  [[ 0.       0.       0.       0.06873  0.       0.       0.       0.00756  0.       0.00001  0.00046 -0.00001 -0.00046]
   [ 0.       0.       0.       0.08491  0.       0.       0.       0.02446  0.       0.00008  0.00183 -0.00008 -0.00183]
   [ 0.       0.       0.       0.       0.       0.       0.       0.       0.       0.       0.       0.       0.     ]
   [ 0.06873  0.08491  0.       0.      -0.       0.05597  0.       0.      -0.       0.00012  0.00564  0.00012  0.00564]
   [ 0.       0.       0.      -0.       0.       0.       0.      -0.       0.      -0.00007 -0.00043  0.00007  0.00043]
   [ 0.       0.       0.       0.05597  0.       0.       0.       0.02394  0.       0.00044  0.00257 -0.00044 -0.00257]
   [ 0.       0.       0.       0.       0.       0.       0.       0.       0.       0.       0.       0.       0.     ]
   [ 0.00756  0.02446  0.       0.      -0.       0.02394  0.       0.      -0.       0.00085  0.00459  0.00085  0.00459]
   [ 0.       0.       0.      -0.       0.       0.       0.      -0.       0.      -0.00061 -0.00103  0.00061  0.00103]
   [ 0.00001  0.00008  0.       0.00012 -0.00007  0.00044  0.       0.00085 -0.00061  0.00446  0.00288  0.       0.00007]
   [ 0.00046  0.00183  0.       0.00564 -0.00043  0.00257  0.       0.00459 -0.00103  0.00288  0.00426 -0.00007  0.     ]
   [-0.00001 -0.00008  0.       0.00012  0.00007 -0.00044  0.       0.00085  0.00061  0.      -0.00007 -0.00446 -0.00288]
   [-0.00046 -0.00183  0.       0.00564  0.00043 -0.00257  0.       0.00459  0.00103  0.00007  0.      -0.00288 -0.00426]]

  [[ 0.      -0.       0.       0.       0.06873 -0.       0.       0.       0.00756 -0.00001 -0.00039 -0.00001 -0.00039]
   [-0.      -0.       0.       0.       0.08491 -0.       0.       0.       0.02446 -0.00006 -0.00153 -0.00006 -0.00153]
   [ 0.       0.      -0.       0.       0.       0.      -0.       0.       0.       0.       0.       0.       0.     ]
   [ 0.       0.       0.      -0.       0.       0.       0.      -0.       0.      -0.00007 -0.00043  0.00007  0.00043]
   [ 0.06873  0.08491  0.       0.      -0.       0.05597  0.       0.      -0.       0.00009  0.00549  0.00009  0.00549]
   [-0.      -0.       0.       0.       0.05597 -0.       0.       0.       0.02394 -0.00037 -0.00216 -0.00037 -0.00216]
   [ 0.       0.      -0.       0.       0.       0.      -0.       0.       0.       0.       0.       0.       0.     ]
   [ 0.       0.       0.      -0.       0.       0.       0.      -0.       0.      -0.00061 -0.00103  0.00061  0.00103]
   [ 0.00756  0.02446  0.       0.      -0.       0.02394  0.       0.      -0.       0.00064  0.00423  0.00064  0.00423]
   [-0.00001 -0.00006  0.      -0.00007  0.00009 -0.00037  0.      -0.00061  0.00064 -0.00375 -0.00242 -0.      -0.00009]
   [-0.00039 -0.00153  0.      -0.00043  0.00549 -0.00216  0.      -0.00103  0.00423 -0.00242 -0.00357 -0.00009 -0.00084]
   [-0.00001 -0.00006  0.       0.00007  0.00009 -0.00037  0.       0.00061  0.00064 -0.      -0.00009 -0.00375 -0.00242]
   [-0.00039 -0.00153  0.       0.00043  0.00549 -0.00216  0.       0.00103  0.00423 -0.00009 -0.00084 -0.00242 -0.00357]]

  [[ 0.64641  0.09368  0.       0.      -0.       0.09628  0.       0.      -0.       0.00003  0.00766  0.00003  0.00766]
   [ 0.09368  0.26679  0.       0.      -0.       0.1774   0.       0.      -0.       0.00037  0.01844  0.00037  0.01844]
   [ 0.       0.       0.2823   0.       0.       0.       0.10005  0.       0.       0.       0.       0.       0.     ]
   [ 0.       0.       0.       0.2823   0.       0.       0.       0.10005  0.       0.00052  0.00831 -0.00052 -0.00831]
   [-0.      -0.       0.       0.       0.2823  -0.       0.       0.       0.10005 -0.00044 -0.00697 -0.00044 -0.00697]
   [ 0.09628  0.1774   0.       0.      -0.       0.17339  0.       0.      -0.       0.00373  0.0287   0.00373  0.0287 ]
   [ 0.       0.       0.10005  0.       0.       0.       0.1189   0.       0.       0.       0.       0.       0.     ]
   [ 0.       0.       0.       0.10005  0.       0.       0.       0.1189   0.       0.00745  0.02161 -0.00745 -0.02161]
   [-0.      -0.       0.       0.       0.10005 -0.       0.       0.       0.1189  -0.00625 -0.01813 -0.00625 -0.01813]
   [ 0.00003  0.00037  0.       0.00052 -0.00044  0.00373  0.       0.00745 -0.00625  0.05486  0.03543  0.       0.00085]
   [ 0.00766  0.01844  0.       0.00831 -0.00697  0.0287   0.       0.02161 -0.01813  0.03543  0.05459  0.00085  0.00723]
   [ 0.00003  0.00037  0.      -0.00052 -0.00044  0.00373  0.      -0.00745 -0.00625  0.       0.00085  0.05486  0.03543]
   [ 0.00766  0.01844  0.      -0.00831 -0.00697  0.0287   0.      -0.02161 -0.01813  0.00085  0.00723  0.03543  0.05459]]

  [[ 0.       0.       0.00756  0.       0.       0.       0.00086  0.       0.       0.       0.       0.       0.     ]
   [ 0.       0.       0.01118  0.       0.       0.       0.00334  0.       0.       0.       0.       0.       0.     ]
   [ 0.00756  0.01118  0.       0.      -0.       0.00731  0.       0.      -0.       0.00001  0.00068  0.00001  0.00068]
   [ 0.       0.       0.       0.       0.       0.       0.       0.       0.       0.       0.       0.       0.     ]
   [ 0.       0.      -0.       0.       0.       0.      -0.       0.       0.       0.       0.       0.       0.     ]
   [ 0.       0.       0.00731  0.       0.       0.       0.00331  0.       0.       0.       0.       0.       0.     ]
   [ 0.00086  0.00334  0.       0.      -0.       0.00331  0.       0.      -0.       0.00002  0.00047  0.00002  0.00047]
   [ 0.       0.       0.       0.       0.       0.       0.       0.       0.       0.       0.       0.       0.     ]
   [ 0.       0.      -0.       0.       0.       0.      -0.       0.       0.       0.       0.       0.       0.     ]
   [ 0.       0.       0.00001  0.       0.       0.       0.00002  0.       0.       0.       0.       0.       0.     ]
   [ 0.       0.       0.00068  0.       0.       0.       0.00047  0.       0.       0.       0.       0.       0.     ]
   [ 0.       0.       0.00001  0.       0.       0.       0.00002  0.       0.       0.       0.       0.       0.     ]
   [ 0.       0.       0.00068  0.       0.       0.       0.00047  0.       0.       0.       0.       0.       0.     ]]

  [[ 0.       0.       0.       0.00756  0.       0.       0.       0.00086  0.       0.       0.00005 -0.      -0.00005]
   [ 0.       0.       0.       0.01118  0.       0.       0.       0.00334  0.       0.00001  0.00025 -0.00001 -0.00025]
   [ 0.       0.       0.       0.       0.       0.       0.       0.       0.       0.       0.       0.       0.     ]
   [ 0.00756  0.01118  0.       0.      -0.       0.00731  0.       0.      -0.       0.00002  0.00075  0.00002  0.00075]
   [ 0.       0.       0.      -0.       0.       0.       0.      -0.       0.      -0.00001 -0.00006  0.00001  0.00006]
   [ 0.       0.       0.       0.00731  0.       0.       0.       0.00331  0.       0.00006  0.00036 -0.00006 -0.00036]
   [ 0.       0.       0.       0.       0.       0.       0.       0.       0.       0.       0.       0.       0.     ]
   [ 0.00086  0.00334  0.       0.      -0.       0.00331  0.       0.      -0.       0.00012  0.00064  0.00012  0.00064]
   [ 0.       0.       0.      -0.       0.       0.       0.      -0.       0.      -0.00009 -0.00015  0.00009  0.00015]
   [ 0.       0.00001  0.       0.00002 -0.00001  0.00006  0.       0.00012 -0.00009  0.00063  0.00041  0.       0.00001]
   [ 0.00005  0.00025  0.       0.00075 -0.00006  0.00036  0.       0.00064 -0.00015  0.00041  0.0006  -0.00001  0.     ]
   [-0.      -0.00001  0.       0.00002  0.00001 -0.00006  0.       0.00012  0.00009  0.      -0.00001 -0.00063 -0.00041]
   [-0.00005 -0.00025  0.       0.00075  0.00006 -0.00036  0.       0.00064  0.00015  0.00001  0.      -0.00041 -0.0006 ]]

  [[ 0.      -0.       0.       0.       0.00756 -0.       0.       0.       0.00086 -0.      -0.00004 -0.      -0.00004]
   [-0.      -0.       0.       0.       0.01118 -0.       0.       0.       0.00334 -0.00001 -0.00021 -0.00001 -0.00021]
   [ 0.       0.      -0.       0.       0.       0.      -0.       0.       0.       0.       0.       0.       0.     ]
   [ 0.       0.       0.      -0.       0.       0.       0.      -0.       0.      -0.00001 -0.00006  0.00001  0.00006]
   [ 0.00756  0.01118  0.       0.      -0.       0.00731  0.       0.      -0.       0.00001  0.00073  0.00001  0.00073]
   [-0.      -0.       0.       0.       0.00731 -0.       0.       0.       0.00331 -0.00005 -0.0003  -0.00005 -0.0003 ]
   [ 0.       0.      -0.       0.       0.       0.      -0.       0.       0.       0.       0.       0.       0.     ]
   [ 0.       0.       0.      -0.       0.       0.       0.      -0.       0.      -0.00009 -0.00015  0.00009  0.00015]
   [ 0.00086  0.00334  0.       0.      -0.       0.00331  0.       0.      -0.       0.00009  0.00059  0.00009  0.00059]
   [-0.      -0.00001  0.      -0.00001  0.00001 -0.00005  0.      -0.00009  0.00009 -0.00053 -0.00034 -0.      -0.00001]
   [-0.00004 -0.00021  0.      -0.00006  0.00073 -0.0003   0.      -0.00015  0.00059 -0.00034 -0.0005  -0.00001 -0.00012]
   [-0.      -0.00001  0.       0.00001  0.00001 -0.00005  0.       0.00009  0.00009 -0.      -0.00001 -0.00053 -0.00034]
   [-0.00004 -0.00021  0.       0.00006  0.00073 -0.0003   0.       0.00015  0.00059 -0.00001 -0.00012 -0.00034 -0.0005 ]]

  [[ 0.00016  0.00003  0.       0.00001 -0.00001  0.00003  0.       0.      -0.       0.       0.       0.       0.     ]
   [ 0.00003  0.00008  0.       0.00001 -0.00001  0.00005  0.       0.      -0.       0.       0.00001  0.       0.00001]
   [ 0.       0.       0.00008  0.       0.       0.       0.00003  0.       0.       0.       0.       0.       0.     ]
   [ 0.00001  0.00001  0.       0.00008 -0.       0.00001  0.       0.00003 -0.       0.       0.      -0.      -0.     ]
   [-0.00001 -0.00001  0.      -0.       0.00008 -0.00001  0.      -0.       0.00003 -0.      -0.      -0.      -0.     ]
   [ 0.00003  0.00005  0.       0.00001 -0.00001  0.00005  0.       0.      -0.       0.       0.00001  0.       0.00001]
   [ 0.       0.       0.00003  0.       0.       0.       0.00003  0.       0.       0.       0.       0.       0.     ]
   [ 0.       0.       0.       0.00003 -0.       0.       0.       0.00003 -0.       0.       0.00001 -0.      -0.00001]
   [-0.      -0.       0.      -0.       0.00003 -0.       0.      -0.       0.00003 -0.      -0.00001 -0.      -0.00001]
   [ 0.       0.       0.       0.      -0.       0.       0.       0.      -0.       0.00002  0.00001  0.       0.     ]
   [ 0.       0.00001  0.       0.      -0.       0.00001  0.       0.00001 -0.00001  0.00001  0.00002  0.       0.     ]
   [ 0.       0.       0.      -0.      -0.       0.       0.      -0.      -0.       0.       0.       0.00002  0.00001]
   [ 0.       0.00001  0.      -0.      -0.       0.00001  0.      -0.00001 -0.00001  0.       0.       0.00001  0.00002]]

  [[ 0.05116  0.00748  0.       0.00046 -0.00039  0.00766  0.       0.00005 -0.00004  0.       0.00061  0.       0.00061]
   [ 0.00748  0.02143  0.       0.0007  -0.00059  0.01425  0.       0.00021 -0.00018  0.00003  0.00151  0.00003  0.00148]
   [ 0.       0.       0.02262  0.       0.       0.       0.00804  0.       0.       0.       0.       0.       0.     ]
   [ 0.00046  0.0007   0.       0.02266 -0.00004  0.00046  0.       0.00805 -0.00001  0.00004  0.00072 -0.00004 -0.00062]
   [-0.00039 -0.00059  0.      -0.00004  0.02265 -0.00038  0.      -0.00001  0.00804 -0.00004 -0.0006  -0.00004 -0.00059]
   [ 0.00766  0.01425  0.       0.00046 -0.00038  0.01393  0.       0.00021 -0.00017  0.00031  0.00235  0.0003   0.0023 ]
   [ 0.       0.       0.00804  0.       0.       0.       0.00956  0.       0.       0.       0.       0.       0.     ]
   [ 0.00005  0.00021  0.       0.00805 -0.00001  0.00021  0.       0.00957 -0.00001  0.00061  0.00179 -0.0006  -0.00171]
   [-0.00004 -0.00018  0.      -0.00001  0.00804 -0.00017  0.      -0.00001  0.00957 -0.00051 -0.0015  -0.0005  -0.00148]
   [ 0.       0.00003  0.       0.00004 -0.00004  0.00031  0.       0.00061 -0.00051  0.00448  0.0029   0.       0.00007]
   [ 0.00061  0.00151  0.       0.00072 -0.0006   0.00235  0.       0.00179 -0.0015   0.0029   0.00446  0.00007  0.00059]
   [ 0.       0.00003  0.      -0.00004 -0.00004  0.0003   0.      -0.0006  -0.0005   0.       0.00007  0.0044   0.00284]
   [ 0.00061  0.00148  0.      -0.00062 -0.00059  0.0023   0.      -0.00171 -0.00148  0.00007  0.00059  0.00284  0.00438]]

  [[ 0.00016  0.00003  0.      -0.00001 -0.00001  0.00003  0.      -0.      -0.       0.       0.       0.       0.     ]
   [ 0.00003  0.00008  0.      -0.00001 -0.00001  0.00005  0.      -0.      -0.       0.       0.00001  0.       0.00001]
   [ 0.       0.       0.00008  0.       0.       0.       0.00003  0.       0.       0.       0.       0.       0.     ]
   [-0.00001 -0.00001  0.       0.00008  0.      -0.00001  0.       0.00003  0.       0.       0.      -0.      -0.     ]
   [-0.00001 -0.00001  0.       0.       0.00008 -0.00001  0.       0.       0.00003 -0.      -0.      -0.      -0.     ]
   [ 0.00003  0.00005  0.      -0.00001 -0.00001  0.00005  0.      -0.      -0.       0.       0.00001  0.       0.00001]
   [ 0.       0.       0.00003  0.       0.       0.       0.00003  0.       0.       0.       0.       0.       0.     ]
   [-0.      -0.       0.       0.00003  0.      -0.       0.       0.00003  0.       0.       0.00001 -0.      -0.00001]
   [-0.      -0.       0.       0.       0.00003 -0.       0.       0.       0.00003 -0.      -0.00001 -0.      -0.00001]
   [ 0.       0.       0.       0.      -0.       0.       0.       0.      -0.       0.00002  0.00001  0.       0.     ]
   [ 0.       0.00001  0.       0.      -0.       0.00001  0.       0.00001 -0.00001  0.00001  0.00002  0.       0.     ]
   [ 0.       0.       0.      -0.      -0.       0.       0.      -0.      -0.       0.       0.       0.00002  0.00001]
   [ 0.       0.00001  0.      -0.      -0.       0.00001  0.      -0.00001 -0.00001  0.       0.       0.00001  0.00002]]

  [[ 0.05116  0.00748  0.      -0.00046 -0.00039  0.00766  0.      -0.00005 -0.00004  0.       0.00061  0.       0.00061]
   [ 0.00748  0.02143  0.      -0.0007  -0.00059  0.01425  0.      -0.00021 -0.00018  0.00003  0.00148  0.00003  0.00151]
   [ 0.       0.       0.02262  0.       0.       0.       0.00804  0.       0.       0.       0.       0.       0.     ]
   [-0.00046 -0.0007   0.       0.02266  0.00004 -0.00046  0.       0.00805  0.00001  0.00004  0.00062 -0.00004 -0.00072]
   [-0.00039 -0.00059  0.       0.00004  0.02265 -0.00038  0.       0.00001  0.00804 -0.00004 -0.00059 -0.00004 -0.0006 ]
   [ 0.00766  0.01425  0.      -0.00046 -0.00038  0.01393  0.      -0.00021 -0.00017  0.0003   0.0023   0.00031  0.00235]
   [ 0.       0.       0.00804  0.       0.       0.       0.00956  0.       0.       0.       0.       0.       0.     ]
   [-0.00005 -0.00021  0.       0.00805  0.00001 -0.00021  0.       0.00957  0.00001  0.0006   0.00171 -0.00061 -0.00179]
   [-0.00004 -0.00018  0.       0.00001  0.00804 -0.00017  0.       0.00001  0.00957 -0.0005  -0.00148 -0.00051 -0.0015 ]
   [ 0.       0.00003  0.       0.00004 -0.00004  0.0003   0.       0.0006  -0.0005   0.0044   0.00284  0.       0.00007]
   [ 0.00061  0.00148  0.       0.00062 -0.00059  0.0023   0.       0.00171 -0.00148  0.00284  0.00438  0.00007  0.00059]
   [ 0.       0.00003  0.      -0.00004 -0.00004  0.00031  0.      -0.00061 -0.00051  0.       0.00007  0.00448  0.0029 ]
   [ 0.00061  0.00151  0.      -0.00072 -0.0006   0.00235  0.      -0.00179 -0.0015   0.00007  0.00059  0.0029   0.00446]]]


 [[[ 0.56574  0.09871  0.       0.      -0.       0.09368  0.       0.      -0.       0.00003  0.00748  0.00003  0.00748]
   [ 0.09871  0.30149  0.       0.      -0.       0.20024  0.       0.      -0.       0.00042  0.02087  0.00042  0.02087]
   [ 0.       0.       0.31357  0.       0.       0.       0.11337  0.       0.       0.       0.       0.       0.     ]
   [ 0.       0.       0.       0.31357  0.       0.       0.       0.11337  0.       0.0006   0.00943 -0.0006  -0.00943]
   [-0.      -0.       0.       0.       0.31357 -0.       0.       0.       0.11337 -0.0005  -0.00791 -0.0005  -0.00791]
   [ 0.09368  0.20024  0.       0.      -0.       0.19557  0.       0.       0.       0.00426  0.03259  0.00426  0.03259]
   [ 0.       0.       0.11337  0.       0.       0.       0.13576  0.       0.       0.       0.       0.       0.     ]
   [ 0.       0.       0.       0.11337  0.       0.       0.       0.13576  0.       0.00852  0.02468 -0.00852 -0.02468]
   [-0.      -0.       0.       0.       0.11337  0.       0.       0.       0.13576 -0.00715 -0.02071 -0.00715 -0.02071]
   [ 0.00003  0.00042  0.       0.0006  -0.0005   0.00426  0.       0.00852 -0.00715  0.06269  0.04049  0.       0.00097]
   [ 0.00748  0.02087  0.       0.00943 -0.00791  0.03259  0.       0.02468 -0.02071  0.04049  0.06237  0.00097  0.00825]
   [ 0.00003  0.00042  0.      -0.0006  -0.0005   0.00426  0.      -0.00852 -0.00715  0.       0.00097  0.06269  0.04049]
   [ 0.00748  0.02087  0.      -0.00943 -0.00791  0.03259  0.      -0.02468 -0.02071  0.00097  0.00825  0.04049  0.06237]]

  [[ 1.47885  0.30149  0.       0.      -0.       0.26679  0.       0.      -0.       0.00008  0.02143  0.00008  0.02143]
   [ 0.30149  1.20719  0.       0.      -0.       0.82281  0.       0.      -0.       0.00193  0.08804  0.00193  0.08804]
   [ 0.       0.       1.2004   0.       0.       0.       0.48986  0.       0.       0.       0.       0.       0.     ]
   [ 0.       0.       0.       1.2004   0.       0.       0.       0.48986  0.       0.00279  0.04168 -0.00279 -0.04168]
   [-0.      -0.       0.       0.       1.2004  -0.       0.       0.       0.48986 -0.00234 -0.03496 -0.00234 -0.03496]
   [ 0.26679  0.82281  0.       0.      -0.       0.84978  0.       0.      -0.       0.02032  0.14842  0.02032  0.14842]
   [ 0.       0.       0.48986  0.       0.       0.       0.63688  0.       0.       0.       0.       0.       0.     ]
   [ 0.       0.       0.       0.48986  0.       0.       0.       0.63688  0.       0.04069  0.11715 -0.04069 -0.11715]
   [-0.      -0.       0.       0.       0.48986 -0.       0.       0.       0.63688 -0.03413 -0.09828 -0.03413 -0.09828]
   [ 0.00008  0.00193  0.       0.00279 -0.00234  0.02032  0.       0.04069 -0.03413  0.29964  0.19353  0.00001  0.00461]
   [ 0.02143  0.08804  0.       0.04168 -0.03496  0.14842  0.       0.11715 -0.09828  0.19353  0.29735  0.00461  0.03881]
   [ 0.00008  0.00193  0.      -0.00279 -0.00234  0.02032  0.      -0.04069 -0.03413  0.00001  0.00461  0.29964  0.19353]
   [ 0.02143  0.08804  0.      -0.04168 -0.03496  0.14842  0.      -0.11715 -0.09828  0.00461  0.03881  0.19353  0.29735]]

  [[ 0.       0.       0.08491  0.       0.       0.       0.01118  0.       0.       0.       0.       0.       0.     ]
   [ 0.       0.       0.27227  0.       0.       0.       0.10416  0.       0.       0.       0.       0.       0.     ]
   [ 0.08491  0.27227  0.       0.      -0.       0.1889   0.       0.      -0.       0.00018  0.01877  0.00018  0.01877]
   [ 0.       0.       0.       0.       0.       0.       0.       0.       0.       0.       0.       0.       0.     ]
   [ 0.       0.      -0.       0.       0.       0.      -0.       0.       0.       0.       0.       0.       0.     ]
   [ 0.       0.       0.1889   0.       0.       0.       0.12321  0.       0.       0.       0.       0.       0.     ]
   [ 0.01118  0.10416  0.       0.      -0.       0.12321  0.       0.      -0.       0.0008   0.01906  0.0008   0.01906]
   [ 0.       0.       0.       0.       0.       0.       0.       0.       0.       0.       0.       0.       0.     ]
   [ 0.       0.      -0.       0.       0.       0.      -0.       0.       0.       0.       0.       0.       0.     ]
   [ 0.       0.       0.00018  0.       0.       0.       0.0008   0.       0.       0.       0.       0.       0.     ]
   [ 0.       0.       0.01877  0.       0.       0.       0.01906  0.       0.       0.       0.       0.       0.     ]
   [ 0.       0.       0.00018  0.       0.       0.       0.0008   0.       0.       0.       0.       0.       0.     ]
   [ 0.       0.       0.01877  0.       0.       0.       0.01906  0.       0.       0.       0.       0.       0.     ]]

  [[ 0.       0.       0.       0.08491  0.       0.       0.       0.01118  0.       0.00001  0.0007  -0.00001 -0.0007 ]
   [ 0.       0.       0.       0.27227  0.       0.       0.       0.10416  0.       0.00041  0.00826 -0.00041 -0.00826]
   [ 0.       0.       0.       0.       0.       0.       0.       0.       0.       0.       0.       0.       0.     ]
   [ 0.08491  0.27227  0.       0.      -0.       0.1889   0.       0.      -0.       0.00067  0.02145  0.00067  0.02145]
   [ 0.       0.       0.      -0.       0.       0.       0.      -0.       0.      -0.00041 -0.00224  0.00041  0.00224]
   [ 0.       0.       0.       0.1889   0.       0.       0.       0.12321  0.       0.0028   0.0146  -0.0028  -0.0146 ]
   [ 0.       0.       0.       0.       0.       0.       0.       0.       0.       0.       0.       0.       0.     ]
   [ 0.01118  0.10416  0.       0.      -0.       0.12321  0.       0.      -0.       0.00556  0.02692  0.00556  0.02692]
   [ 0.       0.       0.      -0.       0.       0.       0.      -0.       0.      -0.00399 -0.00659  0.00399  0.00659]
   [ 0.00001  0.00041  0.       0.00067 -0.00041  0.0028   0.       0.00556 -0.00399  0.02926  0.01888 -0.       0.00044]
   [ 0.0007   0.00826  0.       0.02145 -0.00224  0.0146   0.       0.02692 -0.00659  0.01888  0.02743 -0.00044  0.     ]
   [-0.00001 -0.00041  0.       0.00067  0.00041 -0.0028   0.       0.00556  0.00399 -0.      -0.00044 -0.02926 -0.01888]
   [-0.0007  -0.00826  0.       0.02145  0.00224 -0.0146   0.       0.02692  0.00659  0.00044  0.      -0.01888 -0.02743]]

  [[-0.      -0.       0.       0.       0.08491 -0.       0.       0.       0.01118 -0.00001 -0.00059 -0.00001 -0.00059]
   [-0.      -0.       0.       0.       0.27227 -0.       0.       0.       0.10416 -0.00035 -0.00693 -0.00035 -0.00693]
   [ 0.       0.      -0.       0.       0.       0.      -0.       0.       0.       0.       0.       0.       0.     ]
   [ 0.       0.       0.      -0.       0.       0.       0.      -0.       0.      -0.00041 -0.00224  0.00041  0.00224]
   [ 0.08491  0.27227  0.       0.      -0.       0.1889   0.       0.      -0.       0.00052  0.02065  0.00052  0.02065]
   [-0.      -0.       0.       0.       0.1889  -0.       0.       0.       0.12321 -0.00235 -0.01225 -0.00235 -0.01225]
   [ 0.       0.      -0.       0.       0.       0.      -0.       0.       0.       0.       0.       0.       0.     ]
   [ 0.       0.       0.      -0.       0.       0.       0.      -0.       0.      -0.00399 -0.00659  0.00399  0.00659]
   [ 0.01118  0.10416  0.       0.      -0.       0.12321  0.       0.      -0.       0.00415  0.02459  0.00415  0.02459]
   [-0.00001 -0.00035  0.      -0.00041  0.00052 -0.00235  0.      -0.00399  0.00415 -0.02454 -0.01584 -0.      -0.00057]
   [-0.00059 -0.00693  0.      -0.00224  0.02065 -0.01225  0.      -0.00659  0.02459 -0.01584 -0.02301 -0.00057 -0.00516]
   [-0.00001 -0.00035  0.       0.00041  0.00052 -0.00235  0.       0.00399  0.00415 -0.      -0.00057 -0.02454 -0.01584]
   [-0.00059 -0.00693  0.       0.00224  0.02065 -0.01225  0.       0.00659  0.02459 -0.00057 -0.00516 -0.01584 -0.02301]]

  [[ 0.98487  0.20024  0.       0.      -0.       0.1774   0.       0.      -0.       0.00005  0.01425  0.00005  0.01425]
   [ 0.20024  0.82281  0.       0.      -0.       0.56745  0.       0.      -0.       0.00139  0.06122  0.00139  0.06122]
   [ 0.       0.       0.81868  0.       0.       0.       0.3437   0.       0.       0.       0.       0.       0.     ]
   [ 0.       0.       0.       0.81868  0.       0.       0.       0.3437   0.       0.00202  0.02949 -0.00202 -0.02949]
   [-0.      -0.       0.       0.       0.81868 -0.       0.       0.       0.3437  -0.00169 -0.02474 -0.00169 -0.02474]
   [ 0.1774   0.56745  0.       0.      -0.       0.60219  0.       0.      -0.       0.015    0.10719  0.015    0.10719]
   [ 0.       0.       0.3437   0.       0.       0.       0.46374  0.       0.       0.       0.       0.       0.     ]
   [ 0.       0.       0.       0.3437   0.       0.       0.       0.46374  0.       0.03008  0.08609 -0.03008 -0.08609]
   [-0.      -0.       0.       0.       0.3437  -0.       0.       0.       0.46374 -0.02523 -0.07222 -0.02523 -0.07222]
   [ 0.00005  0.00139  0.       0.00202 -0.00169  0.015    0.       0.03008 -0.02523  0.22174  0.1432   0.00001  0.00341]
   [ 0.01425  0.06122  0.       0.02949 -0.02474  0.10719  0.       0.08609 -0.07222  0.1432   0.21968  0.00341  0.02846]
   [ 0.00005  0.00139  0.      -0.00202 -0.00169  0.015    0.      -0.03008 -0.02523  0.00001  0.00341  0.22174  0.1432 ]
   [ 0.01425  0.06122  0.      -0.02949 -0.02474  0.10719  0.      -0.08609 -0.07222  0.00341  0.02846  0.1432   0.21968]]

  [[ 0.       0.       0.02446  0.       0.       0.       0.00334  0.       0.       0.       0.       0.       0.     ]
   [ 0.       0.       0.10416  0.       0.       0.       0.0453   0.       0.       0.       0.       0.       0.     ]
   [ 0.02446  0.10416  0.       0.      -0.       0.07753  0.       0.      -0.       0.00009  0.00803  0.00009  0.00803]
   [ 0.       0.       0.       0.       0.       0.       0.       0.       0.       0.       0.       0.       0.     ]
   [ 0.       0.      -0.       0.       0.       0.      -0.       0.       0.       0.       0.       0.       0.     ]
   [ 0.       0.       0.07753  0.       0.       0.       0.06228  0.       0.       0.       0.       0.       0.     ]
   [ 0.00334  0.0453   0.       0.      -0.       0.06228  0.       0.      -0.       0.00048  0.01032  0.00048  0.01032]
   [ 0.       0.       0.       0.       0.       0.       0.       0.       0.       0.       0.       0.       0.     ]
   [ 0.       0.      -0.       0.       0.       0.      -0.       0.       0.       0.       0.       0.       0.     ]
   [ 0.       0.       0.00009  0.       0.       0.       0.00048  0.       0.       0.       0.       0.       0.     ]
   [ 0.       0.       0.00803  0.       0.       0.       0.01032  0.       0.       0.       0.       0.       0.     ]
   [ 0.       0.       0.00009  0.       0.       0.       0.00048  0.       0.       0.       0.       0.       0.     ]
   [ 0.       0.       0.00803  0.       0.       0.       0.01032  0.       0.       0.       0.       0.       0.     ]]

  [[ 0.       0.       0.       0.02446  0.       0.       0.       0.00334  0.       0.       0.00021 -0.      -0.00021]
   [ 0.       0.       0.       0.10416  0.       0.       0.       0.0453   0.       0.00021  0.00372 -0.00021 -0.00372]
   [ 0.       0.       0.       0.       0.       0.       0.       0.       0.       0.       0.       0.       0.     ]
   [ 0.02446  0.10416  0.       0.      -0.       0.07753  0.       0.      -0.       0.00035  0.00935  0.00035  0.00935]
   [ 0.       0.       0.      -0.       0.       0.       0.      -0.       0.      -0.00022 -0.00111  0.00022  0.00111]
   [ 0.       0.       0.       0.07753  0.       0.       0.       0.06228  0.       0.00166  0.00791 -0.00166 -0.00791]
   [ 0.       0.       0.       0.       0.       0.       0.       0.       0.       0.       0.       0.       0.     ]
   [ 0.00334  0.0453   0.       0.      -0.       0.06228  0.       0.      -0.       0.00334  0.01492  0.00334  0.01492]
   [ 0.       0.       0.      -0.       0.       0.       0.      -0.       0.      -0.0024  -0.00386  0.0024   0.00386]
   [ 0.       0.00021  0.       0.00035 -0.00022  0.00166  0.       0.00334 -0.0024   0.01778  0.01147  0.       0.00026]
   [ 0.00021  0.00372  0.       0.00935 -0.00111  0.00791  0.       0.01492 -0.00386  0.01147  0.01642 -0.00026  0.     ]
   [-0.      -0.00021  0.       0.00035  0.00022 -0.00166  0.       0.00334  0.0024   0.      -0.00026 -0.01778 -0.01147]
   [-0.00021 -0.00372  0.       0.00935  0.00111 -0.00791  0.       0.01492  0.00386  0.00026  0.      -0.01147 -0.01642]]

  [[-0.      -0.       0.       0.       0.02446 -0.       0.       0.       0.00334 -0.      -0.00018 -0.      -0.00018]
   [-0.      -0.       0.       0.       0.10416 -0.       0.       0.       0.0453  -0.00018 -0.00312 -0.00018 -0.00312]
   [ 0.       0.      -0.       0.       0.       0.      -0.       0.       0.       0.       0.       0.       0.     ]
   [ 0.       0.       0.      -0.       0.       0.       0.      -0.       0.      -0.00022 -0.00111  0.00022  0.00111]
   [ 0.02446  0.10416  0.       0.      -0.       0.07753  0.       0.      -0.       0.00027  0.00896  0.00027  0.00896]
   [-0.      -0.       0.       0.       0.07753 -0.       0.       0.       0.06228 -0.00139 -0.00663 -0.00139 -0.00663]
   [ 0.       0.      -0.       0.       0.       0.      -0.       0.       0.       0.       0.       0.       0.     ]
   [ 0.       0.       0.      -0.       0.       0.       0.      -0.       0.      -0.0024  -0.00386  0.0024   0.00386]
   [ 0.00334  0.0453   0.       0.      -0.       0.06228  0.       0.      -0.       0.00249  0.01356  0.00249  0.01356]
   [-0.      -0.00018  0.      -0.00022  0.00027 -0.00139  0.      -0.0024   0.00249 -0.01492 -0.00962 -0.      -0.00034]
   [-0.00018 -0.00312  0.      -0.00111  0.00896 -0.00663  0.      -0.00386  0.01356 -0.00962 -0.01377 -0.00034 -0.00298]
   [-0.      -0.00018  0.       0.00022  0.00027 -0.00139  0.       0.0024   0.00249 -0.      -0.00034 -0.01492 -0.00962]
   [-0.00018 -0.00312  0.       0.00111  0.00896 -0.00663  0.       0.00386  0.01356 -0.00034 -0.00298 -0.00962 -0.01377]]

  [[ 0.00201  0.00042  0.       0.00008 -0.00006  0.00037  0.       0.00001 -0.00001  0.       0.00003  0.       0.00003]
   [ 0.00042  0.00193  0.       0.00041 -0.00035  0.00139  0.       0.00021 -0.00018  0.00001  0.00019  0.       0.00015]
   [ 0.       0.       0.00183  0.       0.       0.       0.00084  0.       0.       0.       0.       0.       0.     ]
   [ 0.00008  0.00041  0.       0.00198 -0.00013  0.00034  0.       0.00093 -0.00008  0.00001  0.00014 -0.      -0.00004]
   [-0.00006 -0.00035  0.      -0.00013  0.00194 -0.00029  0.      -0.00008  0.0009  -0.00001 -0.00012 -0.      -0.00009]
   [ 0.00037  0.00139  0.       0.00034 -0.00029  0.00163  0.       0.00037 -0.00031  0.00008  0.00043  0.00004  0.00029]
   [ 0.       0.       0.00084  0.       0.       0.       0.0013   0.       0.       0.       0.       0.       0.     ]
   [ 0.00001  0.00021  0.       0.00093 -0.00008  0.00037  0.       0.00146 -0.00014  0.00017  0.00044 -0.00008 -0.00018]
   [-0.00001 -0.00018  0.      -0.00008  0.0009  -0.00031  0.      -0.00014  0.00142 -0.00014 -0.00037 -0.00007 -0.00025]
   [ 0.       0.00001  0.       0.00001 -0.00001  0.00008  0.       0.00017 -0.00014  0.00111  0.00071  0.       0.00002]
   [ 0.00003  0.00019  0.       0.00014 -0.00012  0.00043  0.       0.00044 -0.00037  0.00071  0.00102  0.00001  0.00011]
   [ 0.       0.       0.      -0.      -0.       0.00004  0.      -0.00008 -0.00007  0.       0.00001  0.00065  0.00042]
   [ 0.00003  0.00015  0.      -0.00004 -0.00009  0.00029  0.      -0.00018 -0.00025  0.00002  0.00011  0.00042  0.00065]]

  [[ 0.10199  0.02087  0.       0.00183 -0.00153  0.01844  0.       0.00025 -0.00021  0.00001  0.00151  0.00001  0.00148]
   [ 0.02087  0.08804  0.       0.00826 -0.00693  0.06122  0.       0.00372 -0.00312  0.00019  0.0072   0.00015  0.00654]
   [ 0.       0.       0.08695  0.       0.       0.       0.03723  0.       0.       0.       0.       0.       0.     ]
   [ 0.00183  0.00826  0.       0.08795 -0.00084  0.0063   0.       0.03779 -0.00047  0.00028  0.00416 -0.00021 -0.00253]
   [-0.00153 -0.00693  0.      -0.00084  0.08765 -0.00528  0.      -0.00047  0.03762 -0.00024 -0.00349 -0.00019 -0.00321]
   [ 0.01844  0.06122  0.       0.0063  -0.00528  0.0663   0.       0.00542 -0.00454  0.00201  0.01326  0.00165  0.01174]
   [ 0.       0.       0.03723  0.       0.       0.       0.05168  0.       0.       0.       0.       0.       0.     ]
   [ 0.00025  0.00372  0.       0.03779 -0.00047  0.00542  0.       0.05244 -0.00063  0.004    0.01156 -0.00328 -0.00866]
   [-0.00021 -0.00312  0.      -0.00047  0.03762 -0.00454  0.      -0.00063  0.05222 -0.00335 -0.00969 -0.00282 -0.00876]
   [ 0.00001  0.00019  0.       0.00028 -0.00024  0.00201  0.       0.004   -0.00335  0.02847  0.01838  0.       0.00045]
   [ 0.00151  0.0072   0.       0.00416 -0.00349  0.01326  0.       0.01156 -0.00969  0.01838  0.02787  0.00039  0.00345]
   [ 0.00001  0.00015  0.      -0.00021 -0.00019  0.00165  0.      -0.00328 -0.00282  0.       0.00039  0.02465  0.01592]
   [ 0.00148  0.00654  0.      -0.00253 -0.00321  0.01174  0.      -0.00866 -0.00876  0.00045  0.00345  0.01592  0.02445]]

  [[ 0.00201  0.00042  0.      -0.00008 -0.00006  0.00037  0.      -0.00001 -0.00001  0.       0.00003  0.       0.00003]
   [ 0.00042  0.00193  0.      -0.00041 -0.00035  0.00139  0.      -0.00021 -0.00018  0.       0.00015  0.00001  0.00019]
   [ 0.       0.       0.00183  0.       0.       0.       0.00084  0.       0.       0.       0.       0.       0.     ]
   [-0.00008 -0.00041  0.       0.00198  0.00013 -0.00034  0.       0.00093  0.00008  0.       0.00004 -0.00001 -0.00014]
   [-0.00006 -0.00035  0.       0.00013  0.00194 -0.00029  0.       0.00008  0.0009  -0.      -0.00009 -0.00001 -0.00012]
   [ 0.00037  0.00139  0.      -0.00034 -0.00029  0.00163  0.      -0.00037 -0.00031  0.00004  0.00029  0.00008  0.00043]
   [ 0.       0.       0.00084  0.       0.       0.       0.0013   0.       0.       0.       0.       0.       0.     ]
   [-0.00001 -0.00021  0.       0.00093  0.00008 -0.00037  0.       0.00146  0.00014  0.00008  0.00018 -0.00017 -0.00044]
   [-0.00001 -0.00018  0.       0.00008  0.0009  -0.00031  0.       0.00014  0.00142 -0.00007 -0.00025 -0.00014 -0.00037]
   [ 0.       0.       0.       0.      -0.       0.00004  0.       0.00008 -0.00007  0.00065  0.00042  0.       0.00001]
   [ 0.00003  0.00015  0.       0.00004 -0.00009  0.00029  0.       0.00018 -0.00025  0.00042  0.00065  0.00002  0.00011]
   [ 0.       0.00001  0.      -0.00001 -0.00001  0.00008  0.      -0.00017 -0.00014  0.       0.00002  0.00111  0.00071]
   [ 0.00003  0.00019  0.      -0.00014 -0.00012  0.00043  0.      -0.00044 -0.00037  0.00001  0.00011  0.00071  0.00102]]

  [[ 0.10199  0.02087  0.      -0.00183 -0.00153  0.01844  0.      -0.00025 -0.00021  0.00001  0.00148  0.00001  0.00151]
   [ 0.02087  0.08804  0.      -0.00826 -0.00693  0.06122  0.      -0.00372 -0.00312  0.00015  0.00654  0.00019  0.0072 ]
