[[ 2.06085  0.04609 -0.       0.      -0.03193 -0.46139 -0.      -0.      -0.02656 -0.00459  0.01414 -0.00459  0.01414]
 [ 0.04609  0.15328 -0.       0.       0.03632  0.41987  0.       0.       0.03896  0.00041 -0.01297  0.00041 -0.01297]
 [-0.      -0.       0.61151 -0.      -0.       0.       0.66562 -0.      -0.      -0.      -0.      -0.      -0.     ]
 [ 0.       0.      -0.       0.25648  0.       0.      -0.       0.30803  0.       0.10179  0.23401 -0.10179 -0.23401]
 [-0.03193  0.03632 -0.       0.       0.26993  0.1263   0.      -0.       0.32577 -0.09915 -0.23396 -0.09915 -0.23396]
 [-0.46139  0.41987  0.       0.       0.1263   1.31965  0.      -0.       0.13531 -0.00306 -0.05354 -0.00306 -0.05354]
 [-0.       0.       0.66562 -0.       0.       0.       0.72452 -0.      -0.      -0.      -0.      -0.      -0.     ]
 [-0.       0.      -0.       0.30803 -0.      -0.      -0.       0.36993  0.       0.12225  0.28104 -0.12225 -0.28104]
 [-0.02656  0.03896 -0.       0.       0.32577  0.13531 -0.       0.       0.39341 -0.12025 -0.2831  -0.12025 -0.2831 ]
 [-0.00459  0.00041 -0.       0.10179 -0.09915 -0.00306 -0.       0.12225 -0.12025  0.07831  0.18073 -0.00249 -0.00501]
 [ 0.01414 -0.01297 -0.       0.23401 -0.23396 -0.05354 -0.       0.28104 -0.2831   0.18073  0.41879 -0.00501 -0.00822]
 [-0.00459  0.00041 -0.      -0.10179 -0.09915 -0.00306 -0.      -0.12225 -0.12025 -0.00249 -0.00501  0.07831  0.18073]
 [ 0.01414 -0.01297 -0.      -0.23401 -0.23396 -0.05354 -0.      -0.28104 -0.2831  -0.00501 -0.00822  0.18073  0.41879]]