[[ 1.       0.20921  0.       0.       0.       0.18309  0.       0.       0.       0.02567  0.06258  0.02567  0.06258]
 [ 0.20921  1.       0.       0.      -0.       0.74002  0.       0.       0.       0.17541  0.31015  0.17541  0.31015]
 [ 0.       0.       1.       0.       0.       0.       0.49877  0.       0.       0.       0.       0.       0.     ]
 [ 0.       0.       0.       1.       0.       0.       0.       0.49877  0.       0.16764  0.09067 -0.16764 -0.09067]
 [ 0.      -0.       0.       0.       1.       0.       0.       0.       0.49877 -0.14063 -0.07606 -0.14063 -0.07606]
 [ 0.18309  0.74002  0.       0.       0.       1.       0.       0.       0.       0.37983  0.62081  0.37983  0.62081]
 [ 0.       0.       0.49877  0.       0.       0.       1.       0.       0.       0.       0.       0.       0.     ]
 [ 0.       0.       0.       0.49877  0.       0.       0.       1.       0.       0.43974  0.33782 -0.43974 -0.33782]
 [ 0.       0.       0.       0.       0.49877  0.       0.       0.       1.      -0.36889 -0.28339 -0.36889 -0.28339]
 [ 0.02567  0.17541  0.       0.16764 -0.14063  0.37983  0.       0.43974 -0.36889  1.       0.6459   0.04082  0.21353]
 [ 0.06258  0.31015  0.       0.09067 -0.07606  0.62081  0.       0.33782 -0.28339  0.6459   1.       0.21353  0.51135]
 [ 0.02567  0.17541  0.      -0.16764 -0.14063  0.37983  0.      -0.43974 -0.36889  0.04082  0.21353  1.       0.6459 ]
 [ 0.06258  0.31015  0.      -0.09067 -0.07606  0.62081  0.      -0.33782 -0.28339  0.21353  0.51135  0.6459   1.     ]]