[[-63.37634  -4.85718   0.        0.        0.02675  -6.63131   0.        0.        0.00378  -0.89033  -2.23769  -0.89033  -2.23769]
 [ -4.85718 -12.99181   0.        0.        0.17525  -8.74354   0.        0.        0.10581  -1.89831  -3.49727  -1.89831  -3.49727]
 [  0.        0.      -14.06656   0.        0.        0.       -4.9571    0.        0.        0.        0.        0.        0.     ]
 [  0.        0.        0.      -14.14921   0.        0.        0.       -5.03277   0.       -1.6362   -0.86703   1.6362    0.86703]
 [  0.02675   0.17525   0.        0.      -14.12472   0.16705   0.        0.       -5.01035   1.39462   0.79725   1.39462   0.79725]
 [ -6.63131  -8.74354   0.        0.        0.16705  -8.90147   0.        0.        0.27025  -2.93563  -4.65284  -2.93563  -4.65284]
 [  0.        0.       -4.9571    0.        0.        0.       -6.10541   0.        0.        0.        0.        0.        0.     ]
 [  0.        0.        0.       -5.03277   0.        0.        0.       -6.33704   0.       -2.90085  -1.85127   2.90085   1.85127]
 [  0.00378   0.10581   0.        0.       -5.01035   0.27025   0.        0.       -6.26841   2.46745   1.71171   2.46745   1.71171]
 [ -0.89033  -1.89831   0.       -1.6362    1.39462  -2.93563   0.       -2.90085   2.46745  -6.61545  -3.91343  -0.33566  -1.4749 ]
 [ -2.23769  -3.49727   0.       -0.86703   0.79725  -4.65284   0.       -1.85127   1.71171  -3.91343  -4.98331  -1.4749   -2.97962]
 [ -0.89033  -1.89831   0.        1.6362    1.39462  -2.93563   0.        2.90085   2.46745  -0.33566  -1.4749   -6.61545  -3.91343]
 [ -2.23769  -3.49727   0.        0.86703   0.79725  -4.65284   0.        1.85127   1.71171  -1.4749   -2.97962  -3.91343  -4.98331]]