[[[[1.14014487 0.61140189 0.38281008 0.44811199]
   [0.61140189 0.62636977 0.34126849 0.49840439]
   [0.38281008 0.34126849 0.6753661  0.41397249]
   [0.44811199 0.49840439 0.41397249 0.52018067]]

  [[0.61140189 0.34515152 0.21675217 0.25382487]
   [0.34515152 0.38032857 0.20519887 0.30433857]
   [0.21675217 0.20519887 0.41397249 0.25327505]
   [0.25382487 0.30433857 0.25327505 0.3222497 ]]

  [[0.38281008 0.21675217 0.1717977  0.17021345]
   [0.21675217 0.23900696 0.17021345 0.20961347]
   [0.1717977  0.17021345 0.38281008 0.21675217]
   [0.17021345 0.20961347 0.21675217 0.23900696]]

  [[0.44811199 0.25382487 0.17021345 0.19039709]
   [0.25382487 0.28127955 0.16444    0.23191839]
   [0.17021345 0.16444    0.34126849 0.20519887]
   [0.19039709 0.23191839 0.20519887 0.2517995 ]]]


 [[[0.61140189 0.34515152 0.21675217 0.25382487]
   [0.34515152 0.38032857 0.20519887 0.30433857]
   [0.21675217 0.20519887 0.41397249 0.25327505]
   [0.25382487 0.30433857 0.25327505 0.3222497 ]]

  [[0.62636977 0.38032857 0.23900696 0.28127955]
   [0.38032857 0.48295628 0.2517995  0.3919905 ]
   [0.23900696 0.2517995  0.52018067 0.3222497 ]
   [0.28127955 0.3919905  0.3222497  0.4309734 ]]

  [[0.34126849 0.20519887 0.17021345 0.16444   ]
   [0.20519887 0.2517995  0.19039709 0.23191839]
   [0.17021345 0.19039709 0.44811199 0.25382487]
   [0.16444    0.23191839 0.25382487 0.28127955]]

  [[0.49840439 0.30433857 0.20961347 0.23191839]
   [0.30433857 0.3919905  0.23191839 0.33750028]
   [0.20961347 0.23191839 0.49840439 0.30433857]
   [0.23191839 0.33750028 0.30433857 0.3919905 ]]]


 [[[0.38281008 0.21675217 0.1717977  0.17021345]
   [0.21675217 0.23900696 0.17021345 0.20961347]
   [0.1717977  0.17021345 0.38281008 0.21675217]
   [0.17021345 0.20961347 0.21675217 0.23900696]]

  [[0.34126849 0.20519887 0.17021345 0.16444   ]
   [0.20519887 0.2517995  0.19039709 0.23191839]
   [0.17021345 0.19039709 0.44811199 0.25382487]
   [0.16444    0.23191839 0.25382487 0.28127955]]

  [[0.6753661  0.41397249 0.38281008 0.34126849]
   [0.41397249 0.52018067 0.44811199 0.49840439]
   [0.38281008 0.44811199 1.14014487 0.61140189]
   [0.34126849 0.49840439 0.61140189 0.62636977]]

  [[0.41397249 0.25327505 0.21675217 0.20519887]
   [0.25327505 0.3222497  0.25382487 0.30433857]
   [0.21675217 0.25382487 0.61140189 0.34515152]
   [0.20519887 0.30433857 0.34515152 0.38032857]]]


 [[[0.44811199 0.25382487 0.17021345 0.19039709]
   [0.25382487 0.28127955 0.16444    0.23191839]
   [0.17021345 0.16444    0.34126849 0.20519887]
   [0.19039709 0.23191839 0.20519887 0.2517995 ]]

  [[0.49840439 0.30433857 0.20961347 0.23191839]
   [0.30433857 0.3919905  0.23191839 0.33750028]
   [0.20961347 0.23191839 0.49840439 0.30433857]
   [0.23191839 0.33750028 0.30433857 0.3919905 ]]

  [[0.41397249 0.25327505 0.21675217 0.20519887]
   [0.25327505 0.3222497  0.25382487 0.30433857]
   [0.21675217 0.25382487 0.61140189 0.34515152]
   [0.20519887 0.30433857 0.34515152 0.38032857]]

  [[0.52018067 0.3222497  0.23900696 0.2517995 ]
   [0.3222497  0.4309734  0.28127955 0.3919905 ]
   [0.23900696 0.28127955 0.62636977 0.38032857]
   [0.2517995  0.3919905  0.38032857 0.48295628]]]]