[[[[1.14014 0.6114  0.38281 0.44811]
   [0.6114  0.62637 0.34127 0.4984 ]
   [0.38281 0.34127 0.67537 0.41397]
   [0.44811 0.4984  0.41397 0.52018]]

  [[0.6114  0.34515 0.21675 0.25382]
   [0.34515 0.38033 0.2052  0.30434]
   [0.21675 0.2052  0.41397 0.25328]
   [0.25382 0.30434 0.25328 0.32225]]

  [[0.38281 0.21675 0.1718  0.17021]
   [0.21675 0.23901 0.17021 0.20961]
   [0.1718  0.17021 0.38281 0.21675]
   [0.17021 0.20961 0.21675 0.23901]]

  [[0.44811 0.25382 0.17021 0.1904 ]
   [0.25382 0.28128 0.16444 0.23192]
   [0.17021 0.16444 0.34127 0.2052 ]
   [0.1904  0.23192 0.2052  0.2518 ]]]


 [[[0.6114  0.34515 0.21675 0.25382]
   [0.34515 0.38033 0.2052  0.30434]
   [0.21675 0.2052  0.41397 0.25328]
   [0.25382 0.30434 0.25328 0.32225]]

  [[0.62637 0.38033 0.23901 0.28128]
   [0.38033 0.48296 0.2518  0.39199]
   [0.23901 0.2518  0.52018 0.32225]
   [0.28128 0.39199 0.32225 0.43097]]

  [[0.34127 0.2052  0.17021 0.16444]
   [0.2052  0.2518  0.1904  0.23192]
   [0.17021 0.1904  0.44811 0.25382]
   [0.16444 0.23192 0.25382 0.28128]]

  [[0.4984  0.30434 0.20961 0.23192]
   [0.30434 0.39199 0.23192 0.3375 ]
   [0.20961 0.23192 0.4984  0.30434]
   [0.23192 0.3375  0.30434 0.39199]]]


 [[[0.38281 0.21675 0.1718  0.17021]
   [0.21675 0.23901 0.17021 0.20961]
   [0.1718  0.17021 0.38281 0.21675]
   [0.17021 0.20961 0.21675 0.23901]]

  [[0.34127 0.2052  0.17021 0.16444]
   [0.2052  0.2518  0.1904  0.23192]
   [0.17021 0.1904  0.44811 0.25382]
   [0.16444 0.23192 0.25382 0.28128]]

  [[0.67537 0.41397 0.38281 0.34127]
   [0.41397 0.52018 0.44811 0.4984 ]
   [0.38281 0.44811 1.14014 0.6114 ]
   [0.34127 0.4984  0.6114  0.62637]]

  [[0.41397 0.25328 0.21675 0.2052 ]
   [0.25328 0.32225 0.25382 0.30434]
   [0.21675 0.25382 0.6114  0.34515]
   [0.2052  0.30434 0.34515 0.38033]]]


 [[[0.44811 0.25382 0.17021 0.1904 ]
   [0.25382 0.28128 0.16444 0.23192]
   [0.17021 0.16444 0.34127 0.2052 ]
   [0.1904  0.23192 0.2052  0.2518 ]]

  [[0.4984  0.30434 0.20961 0.23192]
   [0.30434 0.39199 0.23192 0.3375 ]
   [0.20961 0.23192 0.4984  0.30434]
   [0.23192 0.3375  0.30434 0.39199]]

  [[0.41397 0.25328 0.21675 0.2052 ]
   [0.25328 0.32225 0.25382 0.30434]
   [0.21675 0.25382 0.6114  0.34515]
   [0.2052  0.30434 0.34515 0.38033]]

  [[0.52018 0.32225 0.23901 0.2518 ]
   [0.32225 0.43097 0.28128 0.39199]
   [0.23901 0.28128 0.62637 0.38033]
   [0.2518  0.39199 0.38033 0.48296]]]]