[[[[ 1.07657  0.57847  0.       0.       0.       0.8417   0.54432  0.       0.       0.6264 ]
   [ 0.57847  0.5874   0.       0.       0.       0.51091  0.56146  0.       0.       0.1848 ]
   [ 0.       0.       0.94533  0.       0.       0.       0.       0.72052  0.       0.     ]
   [ 0.       0.       0.       0.94533  0.       0.       0.       0.       0.72052  0.     ]
   [ 0.       0.       0.       0.       0.94533 -0.43826 -0.07036  0.       0.       0.32994]
   [ 0.8417   0.51091  0.       0.      -0.43826  0.93647  0.5274   0.       0.       0.18576]
   [ 0.54432  0.56146  0.       0.      -0.07036  0.5274   0.56491  0.       0.       0.12031]
   [ 0.       0.       0.72052  0.       0.       0.       0.       0.84023  0.       0.     ]
   [ 0.       0.       0.       0.72052  0.       0.       0.       0.       0.84023  0.     ]
   [ 0.6264   0.1848   0.       0.       0.32994  0.18576  0.12031  0.       0.       0.91562]]

  [[ 0.57847  0.32942  0.       0.       0.       0.461    0.31021  0.       0.       0.3195 ]
   [ 0.32942  0.3613   0.       0.       0.       0.29644  0.34578  0.       0.       0.08985]
   [ 0.       0.       0.5365   0.       0.       0.       0.       0.41258  0.       0.     ]
   [ 0.       0.       0.       0.5365   0.       0.       0.       0.       0.41258  0.     ]
   [ 0.       0.       0.       0.       0.5365  -0.25059 -0.04202  0.       0.       0.19608]
   [ 0.461    0.29644  0.       0.      -0.25059  0.5274   0.30776  0.       0.       0.07296]
   [ 0.31021  0.34578  0.       0.      -0.04202  0.30776  0.34916  0.       0.       0.05115]
   [ 0.       0.       0.41258  0.       0.       0.       0.       0.49274  0.       0.     ]
   [ 0.       0.       0.       0.41258  0.       0.       0.       0.       0.49274  0.     ]
   [ 0.3195   0.08985  0.       0.       0.19608  0.07296  0.05115  0.       0.       0.51285]]

  [[ 0.       0.       0.18809  0.       0.       0.       0.       0.14083  0.       0.     ]
   [ 0.       0.       0.11642  0.       0.       0.       0.       0.0942   0.       0.     ]
   [ 0.18809  0.11642  0.       0.       0.       0.14551  0.10912  0.       0.       0.12542]
   [ 0.       0.       0.       0.       0.       0.       0.       0.       0.       0.     ]
   [ 0.       0.       0.       0.       0.       0.       0.      -0.07034  0.       0.     ]
   [ 0.       0.       0.14551  0.       0.       0.       0.       0.14598  0.       0.     ]
   [ 0.       0.       0.10912  0.       0.       0.       0.       0.09564  0.       0.     ]
   [ 0.14083  0.0942   0.       0.      -0.07034  0.14598  0.09564  0.       0.       0.05481]
   [ 0.       0.       0.       0.       0.       0.       0.       0.       0.       0.     ]
   [ 0.       0.       0.12542  0.       0.       0.       0.       0.05481  0.       0.     ]]

  [[ 0.       0.       0.       0.18809  0.       0.       0.       0.       0.14083  0.     ]
   [ 0.       0.       0.       0.11642  0.       0.       0.       0.       0.0942   0.     ]
   [ 0.       0.       0.       0.       0.       0.       0.       0.       0.       0.     ]
   [ 0.18809  0.11642  0.       0.       0.       0.14551  0.10912  0.       0.       0.12542]
   [ 0.       0.       0.       0.       0.       0.       0.       0.      -0.07034  0.     ]
   [ 0.       0.       0.       0.14551  0.       0.       0.       0.       0.14598  0.     ]
   [ 0.       0.       0.       0.10912  0.       0.       0.       0.       0.09564  0.     ]
   [ 0.       0.       0.       0.       0.       0.       0.       0.       0.       0.     ]
   [ 0.14083  0.0942   0.       0.      -0.07034  0.14598  0.09564  0.       0.       0.05481]
   [ 0.       0.       0.       0.12542  0.       0.       0.       0.       0.05481  0.     ]]

  [[ 0.       0.       0.       0.       0.18809 -0.08659 -0.01318  0.       0.       0.05978]
   [ 0.       0.       0.       0.       0.11642 -0.06019 -0.01763  0.       0.       0.05474]
   [ 0.       0.       0.       0.       0.       0.       0.      -0.07034  0.       0.     ]
   [ 0.       0.       0.       0.       0.       0.       0.       0.      -0.07034  0.     ]
   [ 0.18809  0.11642  0.       0.       0.       0.19242  0.11037  0.       0.       0.02726]
   [-0.08659 -0.06019  0.       0.       0.19242 -0.18576 -0.07296  0.       0.       0.07446]
   [-0.01318 -0.01763  0.       0.       0.11037 -0.07296 -0.03461  0.       0.       0.05882]
   [ 0.       0.      -0.07034  0.       0.       0.       0.      -0.14939  0.       0.     ]
   [ 0.       0.       0.      -0.07034  0.       0.       0.       0.      -0.14939  0.     ]
   [ 0.05978  0.05474  0.       0.       0.02726  0.07446  0.05882  0.       0.      -0.07508]]

  [[ 0.8417   0.461    0.       0.      -0.08659  0.70579  0.44024  0.       0.       0.44806]
   [ 0.461    0.47792  0.       0.      -0.05455  0.44024  0.46588  0.       0.       0.10977]
   [ 0.       0.       0.74852  0.       0.       0.       0.       0.606    0.       0.     ]
   [ 0.       0.       0.       0.74852  0.       0.       0.       0.       0.606    0.     ]
   [-0.08659 -0.05455  0.       0.       0.76961 -0.44806 -0.10977  0.       0.       0.26499]
   [ 0.70579  0.44024  0.       0.      -0.44806  0.8417   0.461    0.       0.       0.08659]
   [ 0.44024  0.46588  0.       0.      -0.10977  0.461    0.47792  0.       0.       0.05455]
   [ 0.       0.       0.606    0.       0.       0.       0.       0.74852  0.       0.     ]
   [ 0.       0.       0.       0.606    0.       0.       0.       0.       0.74852  0.     ]
   [ 0.44806  0.10977  0.       0.       0.26499  0.08659  0.05455  0.       0.       0.76961]]

  [[ 0.54432  0.31021  0.       0.      -0.01318  0.44024  0.2933   0.       0.       0.29522]
   [ 0.31021  0.34065  0.       0.      -0.00925  0.28449  0.32803  0.       0.       0.07891]
   [ 0.       0.       0.50493  0.       0.       0.       0.       0.39402  0.       0.     ]
   [ 0.       0.       0.       0.50493  0.       0.       0.       0.       0.39402  0.     ]
   [-0.01318 -0.00925  0.       0.       0.50549 -0.25016 -0.04843  0.       0.       0.18507]
   [ 0.44024  0.28449  0.       0.      -0.25016  0.51091  0.29644  0.       0.       0.06019]
   [ 0.2933   0.32803  0.       0.      -0.04843  0.29644  0.33323  0.       0.       0.04174]
   [ 0.       0.       0.39402  0.       0.       0.       0.       0.47694  0.       0.     ]
   [ 0.       0.       0.       0.39402  0.       0.       0.       0.       0.47694  0.     ]
   [ 0.29522  0.07891  0.       0.       0.18507  0.06019  0.04174  0.       0.       0.49187]]

  [[ 0.       0.       0.14083  0.       0.       0.       0.       0.12404  0.       0.     ]
   [ 0.       0.       0.08894  0.       0.       0.       0.       0.08776  0.       0.     ]
   [ 0.14083  0.08894  0.       0.      -0.03082  0.12336  0.08581  0.       0.       0.08193]
   [ 0.       0.       0.       0.       0.       0.       0.       0.       0.       0.     ]
   [ 0.       0.      -0.03082  0.       0.       0.       0.      -0.08784  0.       0.     ]
   [ 0.       0.       0.12336  0.       0.       0.       0.       0.14551  0.       0.     ]
   [ 0.       0.       0.08581  0.       0.       0.       0.       0.09166  0.       0.     ]
   [ 0.12404  0.08776  0.       0.      -0.08784  0.14551  0.09166  0.       0.       0.02444]
   [ 0.       0.       0.       0.       0.       0.       0.       0.       0.       0.     ]
   [ 0.       0.       0.08193  0.       0.       0.       0.       0.02444  0.       0.     ]]

  [[ 0.       0.       0.       0.14083  0.       0.       0.       0.       0.12404  0.     ]
   [ 0.       0.       0.       0.08894  0.       0.       0.       0.       0.08776  0.     ]
   [ 0.       0.       0.       0.       0.       0.       0.       0.       0.       0.     ]
   [ 0.14083  0.08894  0.       0.      -0.03082  0.12336  0.08581  0.       0.       0.08193]
   [ 0.       0.       0.      -0.03082  0.       0.       0.       0.      -0.08784  0.     ]
   [ 0.       0.       0.       0.12336  0.       0.       0.       0.       0.14551  0.     ]
   [ 0.       0.       0.       0.08581  0.       0.       0.       0.       0.09166  0.     ]
   [ 0.       0.       0.       0.       0.       0.       0.       0.       0.       0.     ]
   [ 0.12404  0.08776  0.       0.      -0.08784  0.14551  0.09166  0.       0.       0.02444]
   [ 0.       0.       0.       0.08193  0.       0.       0.       0.       0.02444  0.     ]]

  [[ 0.6264   0.3195   0.       0.       0.05978  0.44806  0.29522  0.       0.       0.41553]
   [ 0.3195   0.30081  0.       0.       0.04128  0.25016  0.27896  0.       0.       0.15099]
   [ 0.       0.       0.53818  0.       0.       0.       0.       0.37921  0.       0.     ]
   [ 0.       0.       0.       0.53818  0.       0.       0.       0.       0.37921  0.     ]
   [ 0.05978  0.04128  0.       0.       0.4954  -0.16091  0.00459  0.       0.       0.15469]
   [ 0.44806  0.25016  0.       0.      -0.16091  0.43826  0.25059  0.       0.       0.19242]
   [ 0.29522  0.27896  0.       0.       0.00459  0.25059  0.27107  0.       0.       0.12205]
   [ 0.       0.       0.37921  0.       0.       0.       0.       0.39246  0.       0.     ]
   [ 0.       0.       0.       0.37921  0.       0.       0.       0.       0.39246  0.     ]
   [ 0.41553  0.15099  0.       0.       0.15469  0.19242  0.12205  0.       0.       0.45482]]]


 [[[ 0.57847  0.32942  0.       0.       0.       0.461    0.31021  0.       0.       0.3195 ]
   [ 0.32942  0.3613   0.       0.       0.       0.29644  0.34578  0.       0.       0.08985]
   [ 0.       0.       0.5365   0.       0.       0.       0.       0.41258  0.       0.     ]
   [ 0.       0.       0.       0.5365   0.       0.       0.       0.       0.41258  0.     ]
   [ 0.       0.       0.       0.       0.5365  -0.25059 -0.04202  0.       0.       0.19608]
   [ 0.461    0.29644  0.       0.      -0.25059  0.5274   0.30776  0.       0.       0.07296]
   [ 0.31021  0.34578  0.       0.      -0.04202  0.30776  0.34916  0.       0.       0.05115]
   [ 0.       0.       0.41258  0.       0.       0.       0.       0.49274  0.       0.     ]
   [ 0.       0.       0.       0.41258  0.       0.       0.       0.       0.49274  0.     ]
   [ 0.3195   0.08985  0.       0.       0.19608  0.07296  0.05115  0.       0.       0.51285]]

  [[ 0.5874   0.3613   0.       0.       0.       0.47792  0.34065  0.       0.       0.30081]
   [ 0.3613   0.45315  0.       0.       0.       0.33323  0.43489  0.       0.       0.07354]
   [ 0.       0.       0.57297  0.       0.       0.       0.       0.44603  0.       0.     ]
   [ 0.       0.       0.       0.57297  0.       0.       0.       0.       0.44603  0.     ]
   [ 0.       0.       0.       0.       0.57297 -0.27107 -0.04851  0.       0.       0.22265]
   [ 0.47792  0.33323  0.       0.      -0.27107  0.56491  0.34916  0.       0.       0.03461]
   [ 0.34065  0.43489  0.       0.      -0.04851  0.34916  0.44272  0.       0.       0.02749]
   [ 0.       0.       0.44603  0.       0.       0.       0.       0.5511   0.       0.     ]
   [ 0.       0.       0.       0.44603  0.       0.       0.       0.       0.5511   0.     ]
   [ 0.30081  0.07354  0.       0.       0.22265  0.03461  0.02749  0.       0.       0.55455]]

  [[ 0.       0.       0.11642  0.       0.       0.       0.       0.08894  0.       0.     ]
   [ 0.       0.       0.07761  0.       0.       0.       0.       0.06444  0.       0.     ]
   [ 0.11642  0.07761  0.       0.       0.       0.09166  0.07278  0.       0.       0.07355]
   [ 0.       0.       0.       0.       0.       0.       0.       0.       0.       0.     ]
   [ 0.       0.       0.       0.       0.       0.       0.      -0.04738  0.       0.     ]
   [ 0.       0.       0.09166  0.       0.       0.       0.       0.09564  0.       0.     ]
   [ 0.       0.       0.07278  0.       0.       0.       0.       0.06594  0.       0.     ]
   [ 0.08894  0.06444  0.       0.      -0.04738  0.09564  0.06594  0.       0.       0.02767]
   [ 0.       0.       0.       0.       0.       0.       0.       0.       0.       0.     ]
   [ 0.       0.       0.07355  0.       0.       0.       0.       0.02767  0.       0.     ]]

  [[ 0.       0.       0.       0.11642  0.       0.       0.       0.       0.08894  0.     ]
   [ 0.       0.       0.       0.07761  0.       0.       0.       0.       0.06444  0.     ]
   [ 0.       0.       0.       0.       0.       0.       0.       0.       0.       0.     ]
   [ 0.11642  0.07761  0.       0.       0.       0.09166  0.07278  0.       0.       0.07355]
   [ 0.       0.       0.       0.       0.       0.       0.       0.      -0.04738  0.     ]
   [ 0.       0.       0.       0.09166  0.       0.       0.       0.       0.09564  0.     ]
   [ 0.       0.       0.       0.07278  0.       0.       0.       0.       0.06594  0.     ]
   [ 0.       0.       0.       0.       0.       0.       0.       0.       0.       0.     ]
   [ 0.08894  0.06444  0.       0.      -0.04738  0.09564  0.06594  0.       0.       0.02767]
   [ 0.       0.       0.       0.07355  0.       0.       0.       0.       0.02767  0.     ]]

  [[ 0.       0.       0.       0.       0.11642 -0.05455 -0.00925  0.       0.       0.04128]
   [ 0.       0.       0.       0.       0.07761 -0.04174 -0.01395  0.       0.       0.04068]
   [ 0.       0.       0.       0.       0.       0.       0.      -0.04738  0.       0.     ]
   [ 0.       0.       0.       0.       0.       0.       0.       0.      -0.04738  0.     ]
   [ 0.11642  0.07761  0.       0.       0.       0.12205  0.0737   0.       0.       0.00626]
   [-0.05455 -0.04174  0.       0.       0.12205 -0.12031 -0.05115  0.       0.       0.05882]
   [-0.00925 -0.01395  0.       0.       0.0737  -0.05115 -0.02749  0.       0.       0.04481]
   [ 0.       0.      -0.04738  0.       0.       0.       0.      -0.10423  0.       0.     ]
   [ 0.       0.       0.      -0.04738  0.       0.       0.       0.      -0.10423  0.     ]
   [ 0.04128  0.04068  0.       0.       0.00626  0.05882  0.04481  0.       0.      -0.06244]]

  [[ 0.51091  0.29644  0.       0.      -0.06019  0.44024  0.28449  0.       0.       0.25016]
   [ 0.29644  0.33323  0.       0.      -0.04174  0.2933   0.32803  0.       0.       0.04843]
   [ 0.       0.       0.47694  0.       0.       0.       0.       0.39402  0.       0.     ]
   [ 0.       0.       0.       0.47694  0.       0.       0.       0.       0.39402  0.     ]
   [-0.06019 -0.04174  0.       0.       0.49187 -0.29522 -0.07891  0.       0.       0.18507]
   [ 0.44024  0.2933   0.       0.      -0.29522  0.54432  0.31021  0.       0.       0.01318]
   [ 0.28449  0.32803  0.       0.      -0.07891  0.31021  0.34065  0.       0.       0.00925]
   [ 0.       0.       0.39402  0.       0.       0.       0.       0.50493  0.       0.     ]
   [ 0.       0.       0.       0.39402  0.       0.       0.       0.       0.50493  0.     ]
   [ 0.25016  0.04843  0.       0.       0.18507  0.01318  0.00925  0.       0.       0.50549]]

  [[ 0.56146  0.34578  0.       0.      -0.01763  0.46588  0.32803  0.       0.       0.27896]
   [ 0.34578  0.43489  0.       0.      -0.01395  0.32803  0.42228  0.       0.       0.05985]
   [ 0.       0.       0.54769  0.       0.       0.       0.       0.43483  0.       0.     ]
   [ 0.       0.       0.       0.54769  0.       0.       0.       0.       0.43483  0.     ]
   [-0.01763 -0.01395  0.       0.       0.54858 -0.27896 -0.05985  0.       0.       0.21627]
   [ 0.46588  0.32803  0.       0.      -0.27896  0.56146  0.34578  0.       0.       0.01763]
   [ 0.32803  0.42228  0.       0.      -0.05985  0.34578  0.43489  0.       0.       0.01395]
   [ 0.       0.       0.43483  0.       0.       0.       0.       0.54769  0.       0.     ]
   [ 0.       0.       0.       0.43483  0.       0.       0.       0.       0.54769  0.     ]
   [ 0.27896  0.05985  0.       0.       0.21627  0.01763  0.01395  0.       0.       0.54858]]

  [[ 0.       0.       0.0942   0.       0.       0.       0.       0.08776  0.       0.     ]
   [ 0.       0.       0.06444  0.       0.       0.       0.       0.06862  0.       0.     ]
   [ 0.0942   0.06444  0.       0.      -0.02406  0.08581  0.06266  0.       0.       0.04878]
   [ 0.       0.       0.       0.       0.       0.       0.       0.       0.       0.     ]
   [ 0.       0.      -0.02406  0.       0.       0.       0.      -0.06761  0.       0.     ]
   [ 0.       0.       0.08581  0.       0.       0.       0.       0.10912  0.       0.     ]
   [ 0.       0.       0.06266  0.       0.       0.       0.       0.07278  0.       0.     ]
   [ 0.08776  0.06862  0.       0.      -0.06761  0.10912  0.07278  0.       0.       0.00424]
   [ 0.       0.       0.       0.       0.       0.       0.       0.       0.       0.     ]
   [ 0.       0.       0.04878  0.       0.       0.       0.       0.00424  0.       0.     ]]

  [[ 0.       0.       0.       0.0942   0.       0.       0.       0.       0.08776  0.     ]
   [ 0.       0.       0.       0.06444  0.       0.       0.       0.       0.06862  0.     ]
   [ 0.       0.       0.       0.       0.       0.       0.       0.       0.       0.     ]
   [ 0.0942   0.06444  0.       0.      -0.02406  0.08581  0.06266  0.       0.       0.04878]
   [ 0.       0.       0.      -0.02406  0.       0.       0.       0.      -0.06761  0.     ]
   [ 0.       0.       0.       0.08581  0.       0.       0.       0.       0.10912  0.     ]
   [ 0.       0.       0.       0.06266  0.       0.       0.       0.       0.07278  0.     ]
   [ 0.       0.       0.       0.       0.       0.       0.       0.       0.       0.     ]
   [ 0.08776  0.06862  0.       0.      -0.06761  0.10912  0.07278  0.       0.       0.00424]
   [ 0.       0.       0.       0.04878  0.       0.       0.       0.       0.00424  0.     ]]

  [[ 0.1848   0.08985  0.       0.       0.05474  0.10977  0.07891  0.       0.       0.15099]
   [ 0.08985  0.07354  0.       0.       0.04068  0.04843  0.05985  0.       0.       0.07605]
   [ 0.       0.       0.16437  0.       0.       0.       0.       0.09653  0.       0.     ]
   [ 0.       0.       0.       0.16437  0.       0.       0.       0.       0.09653  0.     ]
   [ 0.05474  0.04068  0.       0.       0.12822  0.00459  0.03114  0.       0.       0.02375]
   [ 0.10977  0.04843  0.       0.       0.00459  0.07036  0.04202  0.       0.       0.11037]
   [ 0.07891  0.05985  0.       0.       0.03114  0.04202  0.04851  0.       0.       0.0737 ]
   [ 0.       0.       0.09653  0.       0.       0.       0.       0.0655   0.       0.     ]
   [ 0.       0.       0.       0.09653  0.       0.       0.       0.       0.0655   0.     ]
   [ 0.15099  0.07605  0.       0.       0.02375  0.11037  0.0737   0.       0.       0.07403]]]


 [[[ 0.       0.       0.18809  0.       0.       0.       0.       0.14083  0.       0.     ]
   [ 0.       0.       0.11642  0.       0.       0.       0.       0.0942   0.       0.     ]
   [ 0.18809  0.11642  0.       0.       0.       0.14551  0.10912  0.       0.       0.12542]
   [ 0.       0.       0.       0.       0.       0.       0.       0.       0.       0.     ]
   [ 0.       0.       0.       0.       0.       0.       0.      -0.07034  0.       0.     ]
   [ 0.       0.       0.14551  0.       0.       0.       0.       0.14598  0.       0.     ]
   [ 0.       0.       0.10912  0.       0.       0.       0.       0.09564  0.       0.     ]
   [ 0.14083  0.0942   0.       0.      -0.07034  0.14598  0.09564  0.       0.       0.05481]
   [ 0.       0.       0.       0.       0.       0.       0.       0.       0.       0.     ]
   [ 0.       0.       0.12542  0.       0.       0.       0.       0.05481  0.       0.     ]]

  [[ 0.       0.       0.11642  0.       0.       0.       0.       0.08894  0.       0.     ]
   [ 0.       0.       0.07761  0.       0.       0.       0.       0.06444  0.       0.     ]
   [ 0.11642  0.07761  0.       0.       0.       0.09166  0.07278  0.       0.       0.07355]
   [ 0.       0.       0.       0.       0.       0.       0.       0.       0.       0.     ]
   [ 0.       0.       0.       0.       0.       0.       0.      -0.04738  0.       0.     ]
   [ 0.       0.       0.09166  0.       0.       0.       0.       0.09564  0.       0.     ]
   [ 0.       0.       0.07278  0.       0.       0.       0.       0.06594  0.       0.     ]
   [ 0.08894  0.06444  0.       0.      -0.04738  0.09564  0.06594  0.       0.       0.02767]
   [ 0.       0.       0.       0.       0.       0.       0.       0.       0.       0.     ]
   [ 0.       0.       0.07355  0.       0.       0.       0.       0.02767  0.       0.     ]]

  [[ 0.94533  0.5365   0.       0.       0.       0.74852  0.50493  0.       0.       0.53818]
   [ 0.5365   0.57297  0.       0.       0.       0.47694  0.54769  0.       0.       0.16437]
   [ 0.       0.       0.96649  0.       0.       0.       0.       0.73381  0.       0.     ]
   [ 0.       0.       0.       0.84814  0.       0.       0.       0.       0.64841  0.     ]
   [ 0.       0.       0.       0.       0.84814 -0.39246 -0.0655   0.       0.       0.30075]
   [ 0.74852  0.47694  0.       0.      -0.39246  0.84023  0.49274  0.       0.       0.14939]
   [ 0.50493  0.54769  0.       0.      -0.0655   0.49274  0.5511   0.       0.       0.10423]
   [ 0.       0.       0.73381  0.       0.       0.       0.       0.84678  0.       0.     ]
   [ 0.       0.       0.       0.64841  0.       0.       0.       0.       0.76241  0.     ]
   [ 0.53818  0.16437  0.       0.       0.30075  0.14939  0.10423  0.       0.       0.81553]]

  [[ 0.       0.       0.       0.       0.       0.       0.       0.       0.       0.     ]
   [ 0.       0.       0.       0.       0.       0.       0.       0.       0.       0.     ]
   [ 0.       0.       0.       0.05917  0.       0.       0.       0.       0.0427   0.     ]
   [ 0.       0.       0.05917  0.       0.       0.       0.       0.0427   0.       0.     ]
   [ 0.       0.       0.       0.       0.       0.       0.       0.       0.       0.     ]
   [ 0.       0.       0.       0.       0.       0.       0.       0.       0.       0.     ]
   [ 0.       0.       0.       0.       0.       0.       0.       0.       0.       0.     ]
   [ 0.       0.       0.       0.0427   0.       0.       0.       0.       0.04219  0.     ]
   [ 0.       0.       0.0427   0.       0.       0.       0.       0.04219  0.       0.     ]
   [ 0.       0.       0.       0.       0.       0.       0.       0.       0.       0.     ]]

  [[ 0.       0.       0.       0.       0.       0.       0.      -0.03082  0.       0.     ]
   [ 0.       0.       0.       0.       0.       0.       0.      -0.02406  0.       0.     ]
   [ 0.       0.       0.       0.       0.05917 -0.02444 -0.00424  0.       0.       0.01487]
   [ 0.       0.       0.       0.       0.       0.       0.       0.       0.       0.     ]
   [ 0.       0.       0.05917  0.       0.       0.       0.       0.05597  0.       0.     ]
   [ 0.       0.      -0.02444  0.       0.       0.       0.      -0.05481  0.       0.     ]
   [ 0.       0.      -0.00424  0.       0.       0.       0.      -0.02767  0.       0.     ]
   [-0.03082 -0.02406  0.       0.       0.05597 -0.05481 -0.02767  0.       0.       0.01411]
   [ 0.       0.       0.       0.       0.       0.       0.       0.       0.       0.     ]
   [ 0.       0.       0.01487  0.       0.       0.       0.       0.01411  0.       0.     ]]

  [[ 0.       0.       0.14551  0.       0.       0.       0.       0.12336  0.       0.     ]
   [ 0.       0.       0.09166  0.       0.       0.       0.       0.08581  0.       0.     ]
   [ 0.14551  0.09166  0.       0.      -0.02444  0.12404  0.08776  0.       0.       0.08784]
   [ 0.       0.       0.       0.       0.       0.       0.       0.       0.       0.     ]
   [ 0.       0.      -0.02444  0.       0.       0.       0.      -0.08193  0.       0.     ]
   [ 0.       0.       0.12404  0.       0.       0.       0.       0.14083  0.       0.     ]
   [ 0.       0.       0.08776  0.       0.       0.       0.       0.08894  0.       0.     ]
   [ 0.12336  0.08581  0.       0.      -0.08193  0.14083  0.08894  0.       0.       0.03082]
   [ 0.       0.       0.       0.       0.       0.       0.       0.       0.       0.     ]
   [ 0.       0.       0.08784  0.       0.       0.       0.       0.03082  0.       0.     ]]

  [[ 0.       0.       0.10912  0.       0.       0.       0.       0.08581  0.       0.     ]
   [ 0.       0.       0.07278  0.       0.       0.       0.       0.06266  0.       0.     ]
   [ 0.10912  0.07278  0.       0.      -0.00424  0.08776  0.06862  0.       0.       0.06761]
   [ 0.       0.       0.       0.       0.       0.       0.       0.       0.       0.     ]
   [ 0.       0.      -0.00424  0.       0.       0.       0.      -0.04878  0.       0.     ]
   [ 0.       0.       0.08776  0.       0.       0.       0.       0.0942   0.       0.     ]
   [ 0.       0.       0.06862  0.       0.       0.       0.       0.06444  0.       0.     ]
   [ 0.08581  0.06266  0.       0.      -0.04878  0.0942   0.06444  0.       0.       0.02406]
   [ 0.       0.       0.       0.       0.       0.       0.       0.       0.       0.     ]
   [ 0.       0.       0.06761  0.       0.       0.       0.       0.02406  0.       0.     ]]

  [[ 0.72052  0.41258  0.       0.      -0.07034  0.606    0.39402  0.       0.       0.37921]
   [ 0.41258  0.44603  0.       0.      -0.04738  0.39402  0.43483  0.       0.       0.09653]
   [ 0.       0.       0.73381  0.       0.       0.       0.       0.59733  0.       0.     ]
   [ 0.       0.       0.       0.64841  0.       0.       0.       0.       0.52419  0.     ]
   [-0.07034 -0.04738  0.       0.       0.66167 -0.37921 -0.09653  0.       0.       0.23089]
   [ 0.606    0.39402  0.       0.      -0.37921  0.72052  0.41258  0.       0.       0.07034]
   [ 0.39402  0.43483  0.       0.      -0.09653  0.41258  0.44603  0.       0.       0.04738]
   [ 0.       0.       0.59733  0.       0.       0.       0.       0.73381  0.       0.     ]
   [ 0.       0.       0.       0.52419  0.       0.       0.       0.       0.64841  0.     ]
   [ 0.37921  0.09653  0.       0.       0.23089  0.07034  0.04738  0.       0.       0.66167]]

  [[ 0.       0.       0.       0.       0.       0.       0.       0.       0.       0.     ]
   [ 0.       0.       0.       0.       0.       0.       0.       0.       0.       0.     ]
   [ 0.       0.       0.       0.0427   0.       0.       0.       0.       0.03657  0.     ]
   [ 0.       0.       0.0427   0.       0.       0.       0.       0.03657  0.       0.     ]
   [ 0.       0.       0.       0.       0.       0.       0.       0.       0.       0.     ]
   [ 0.       0.       0.       0.       0.       0.       0.       0.       0.       0.     ]
   [ 0.       0.       0.       0.       0.       0.       0.       0.       0.       0.     ]
   [ 0.       0.       0.       0.03657  0.       0.       0.       0.       0.0427   0.     ]
   [ 0.       0.       0.03657  0.       0.       0.       0.       0.0427   0.       0.     ]
   [ 0.       0.       0.       0.       0.       0.       0.       0.       0.       0.     ]]

  [[ 0.       0.       0.12542  0.       0.       0.       0.       0.08193  0.       0.     ]
   [ 0.       0.       0.07355  0.       0.       0.       0.       0.04878  0.       0.     ]
   [ 0.12542  0.07355  0.       0.       0.01487  0.08784  0.06761  0.       0.       0.09523]
   [ 0.       0.       0.       0.       0.       0.       0.       0.       0.       0.     ]
   [ 0.       0.       0.01487  0.       0.       0.       0.      -0.02209  0.       0.     ]
   [ 0.       0.       0.08784  0.       0.       0.       0.       0.07034  0.       0.     ]
   [ 0.       0.       0.06761  0.       0.       0.       0.       0.04738  0.       0.     ]
   [ 0.08193  0.04878  0.       0.      -0.02209  0.07034  0.04738  0.       0.       0.05597]
   [ 0.       0.       0.       0.       0.       0.       0.       0.       0.       0.     ]
   [ 0.       0.       0.09523  0.       0.       0.       0.       0.05597  0.       0.     ]]]


 [[[ 0.       0.       0.       0.18809  0.       0.       0.       0.       0.14083  0.     ]
   [ 0.       0.       0.       0.11642  0.       0.       0.       0.       0.0942   0.     ]
   [ 0.       0.       0.       0.       0.       0.       0.       0.       0.       0.     ]
   [ 0.18809  0.11642  0.       0.       0.       0.14551  0.10912  0.       0.       0.12542]
   [ 0.       0.       0.       0.       0.       0.       0.       0.      -0.07034  0.     ]
   [ 0.       0.       0.       0.14551  0.       0.       0.       0.       0.14598  0.     ]
   [ 0.       0.       0.       0.10912  0.       0.       0.       0.       0.09564  0.     ]
   [ 0.       0.       0.       0.       0.       0.       0.       0.       0.       0.     ]
   [ 0.14083  0.0942   0.       0.      -0.07034  0.14598  0.09564  0.       0.       0.05481]
   [ 0.       0.       0.       0.12542  0.       0.       0.       0.       0.05481  0.     ]]

  [[ 0.       0.       0.       0.11642  0.       0.       0.       0.       0.08894  0.     ]
   [ 0.       0.       0.       0.07761  0.       0.       0.       0.       0.06444  0.     ]
   [ 0.       0.       0.       0.       0.       0.       0.       0.       0.       0.     ]
   [ 0.11642  0.07761  0.       0.       0.       0.09166  0.07278  0.       0.       0.07355]
   [ 0.       0.       0.       0.       0.       0.       0.       0.      -0.04738  0.     ]
   [ 0.       0.       0.       0.09166  0.       0.       0.       0.       0.09564  0.     ]
   [ 0.       0.       0.       0.07278  0.       0.       0.       0.       0.06594  0.     ]
   [ 0.       0.       0.       0.       0.       0.       0.       0.       0.       0.     ]
   [ 0.08894  0.06444  0.       0.      -0.04738  0.09564  0.06594  0.       0.       0.02767]
   [ 0.       0.       0.       0.07355  0.       0.       0.       0.       0.02767  0.     ]]

  [[ 0.       0.       0.       0.       0.       0.       0.       0.       0.       0.     ]
   [ 0.       0.       0.       0.       0.       0.       0.       0.       0.       0.     ]
   [ 0.       0.       0.       0.05917  0.       0.       0.       0.       0.0427   0.     ]
   [ 0.       0.       0.05917  0.       0.       0.       0.       0.0427   0.       0.     ]
   [ 0.       0.       0.       0.       0.       0.       0.       0.       0.       0.     ]
   [ 0.       0.       0.       0.       0.       0.       0.       0.       0.       0.     ]
   [ 0.       0.       0.       0.       0.       0.       0.       0.       0.       0.     ]
   [ 0.       0.       0.       0.0427   0.       0.       0.       0.       0.04219  0.     ]
   [ 0.       0.       0.0427   0.       0.       0.       0.       0.04219  0.       0.     ]
   [ 0.       0.       0.       0.       0.       0.       0.       0.       0.       0.     ]]

  [[ 0.94533  0.5365   0.       0.       0.       0.74852  0.50493  0.       0.       0.53818]
   [ 0.5365   0.57297  0.       0.       0.       0.47694  0.54769  0.       0.       0.16437]
   [ 0.       0.       0.84814  0.       0.       0.       0.       0.64841  0.       0.     ]
   [ 0.       0.       0.       0.96649  0.       0.       0.       0.       0.73381  0.     ]
   [ 0.       0.       0.       0.       0.84814 -0.39246 -0.0655   0.       0.       0.30075]
   [ 0.74852  0.47694  0.       0.      -0.39246  0.84023  0.49274  0.       0.       0.14939]
   [ 0.50493  0.54769  0.       0.      -0.0655   0.49274  0.5511   0.       0.       0.10423]
   [ 0.       0.       0.64841  0.       0.       0.       0.       0.76241  0.       0.     ]
   [ 0.       0.       0.       0.73381  0.       0.       0.       0.       0.84678  0.     ]
   [ 0.53818  0.16437  0.       0.       0.30075  0.14939  0.10423  0.       0.       0.81553]]

  [[ 0.       0.       0.       0.       0.       0.       0.       0.      -0.03082  0.     ]
   [ 0.       0.       0.       0.       0.       0.       0.       0.      -0.02406  0.     ]
   [ 0.       0.       0.       0.       0.       0.       0.       0.       0.       0.     ]
   [ 0.       0.       0.       0.       0.05917 -0.02444 -0.00424  0.       0.       0.01487]
   [ 0.       0.       0.       0.05917  0.       0.       0.       0.       0.05597  0.     ]
   [ 0.       0.       0.      -0.02444  0.       0.       0.       0.      -0.05481  0.     ]
   [ 0.       0.       0.      -0.00424  0.       0.       0.       0.      -0.02767  0.     ]
   [ 0.       0.       0.       0.       0.       0.       0.       0.       0.       0.     ]
   [-0.03082 -0.02406  0.       0.       0.05597 -0.05481 -0.02767  0.       0.       0.01411]
   [ 0.       0.       0.       0.01487  0.       0.       0.       0.       0.01411  0.     ]]

  [[ 0.       0.       0.       0.14551  0.       0.       0.       0.       0.12336  0.     ]
   [ 0.       0.       0.       0.09166  0.       0.       0.       0.       0.08581  0.     ]
   [ 0.       0.       0.       0.       0.       0.       0.       0.       0.       0.     ]
   [ 0.14551  0.09166  0.       0.      -0.02444  0.12404  0.08776  0.       0.       0.08784]
   [ 0.       0.       0.      -0.02444  0.       0.       0.       0.      -0.08193  0.     ]
   [ 0.       0.       0.       0.12404  0.       0.       0.       0.       0.14083  0.     ]
   [ 0.       0.       0.       0.08776  0.       0.       0.       0.       0.08894  0.     ]
   [ 0.       0.       0.       0.       0.       0.       0.       0.       0.       0.     ]
   [ 0.12336  0.08581  0.       0.      -0.08193  0.14083  0.08894  0.       0.       0.03082]
   [ 0.       0.       0.       0.08784  0.       0.       0.       0.       0.03082  0.     ]]

  [[ 0.       0.       0.       0.10912  0.       0.       0.       0.       0.08581  0.     ]
   [ 0.       0.       0.       0.07278  0.       0.       0.       0.       0.06266  0.     ]
   [ 0.       0.       0.       0.       0.       0.       0.       0.       0.       0.     ]
   [ 0.10912  0.07278  0.       0.      -0.00424  0.08776  0.06862  0.       0.       0.06761]
   [ 0.       0.       0.      -0.00424  0.       0.       0.       0.      -0.04878  0.     ]
   [ 0.       0.       0.       0.08776  0.       0.       0.       0.       0.0942   0.     ]
   [ 0.       0.       0.       0.06862  0.       0.       0.       0.       0.06444  0.     ]
   [ 0.       0.       0.       0.       0.       0.       0.       0.       0.       0.     ]
   [ 0.08581  0.06266  0.       0.      -0.04878  0.0942   0.06444  0.       0.       0.02406]
   [ 0.       0.       0.       0.06761  0.       0.       0.       0.       0.02406  0.     ]]

  [[ 0.       0.       0.       0.       0.       0.       0.       0.       0.       0.     ]
   [ 0.       0.       0.       0.       0.       0.       0.       0.       0.       0.     ]
   [ 0.       0.       0.       0.0427   0.       0.       0.       0.       0.03657  0.     ]
   [ 0.       0.       0.0427   0.       0.       0.       0.       0.03657  0.       0.     ]
   [ 0.       0.       0.       0.       0.       0.       0.       0.       0.       0.     ]
   [ 0.       0.       0.       0.       0.       0.       0.       0.       0.       0.     ]
   [ 0.       0.       0.       0.       0.       0.       0.       0.       0.       0.     ]
   [ 0.       0.       0.       0.03657  0.       0.       0.       0.       0.0427   0.     ]
   [ 0.       0.       0.03657  0.       0.       0.       0.       0.0427   0.       0.     ]
   [ 0.       0.       0.       0.       0.       0.       0.       0.       0.       0.     ]]

  [[ 0.72052  0.41258  0.       0.      -0.07034  0.606    0.39402  0.       0.       0.37921]
   [ 0.41258  0.44603  0.       0.      -0.04738  0.39402  0.43483  0.       0.       0.09653]
   [ 0.       0.       0.64841  0.       0.       0.       0.       0.52419  0.       0.     ]
   [ 0.       0.       0.       0.73381  0.       0.       0.       0.       0.59733  0.     ]
   [-0.07034 -0.04738  0.       0.       0.66167 -0.37921 -0.09653  0.       0.       0.23089]
   [ 0.606    0.39402  0.       0.      -0.37921  0.72052  0.41258  0.       0.       0.07034]
   [ 0.39402  0.43483  0.       0.      -0.09653  0.41258  0.44603  0.       0.       0.04738]
   [ 0.       0.       0.52419  0.       0.       0.       0.       0.64841  0.       0.     ]
   [ 0.       0.       0.       0.59733  0.       0.       0.       0.       0.73381  0.     ]
   [ 0.37921  0.09653  0.       0.       0.23089  0.07034  0.04738  0.       0.       0.66167]]

  [[ 0.       0.       0.       0.12542  0.       0.       0.       0.       0.08193  0.     ]
   [ 0.       0.       0.       0.07355  0.       0.       0.       0.       0.04878  0.     ]
   [ 0.       0.       0.       0.       0.       0.       0.       0.       0.       0.     ]
   [ 0.12542  0.07355  0.       0.       0.01487  0.08784  0.06761  0.       0.       0.09523]
   [ 0.       0.       0.       0.01487  0.       0.       0.       0.      -0.02209  0.     ]
   [ 0.       0.       0.       0.08784  0.       0.       0.       0.       0.07034  0.     ]
   [ 0.       0.       0.       0.06761  0.       0.       0.       0.       0.04738  0.     ]
   [ 0.       0.       0.       0.       0.       0.       0.       0.       0.       0.     ]
   [ 0.08193  0.04878  0.       0.      -0.02209  0.07034  0.04738  0.       0.       0.05597]
   [ 0.       0.       0.       0.09523  0.       0.       0.       0.       0.05597  0.     ]]]


 [[[ 0.       0.       0.       0.       0.18809 -0.08659 -0.01318  0.       0.       0.05978]
   [ 0.       0.       0.       0.       0.11642 -0.06019 -0.01763  0.       0.       0.05474]
   [ 0.       0.       0.       0.       0.       0.       0.      -0.07034  0.       0.     ]
   [ 0.       0.       0.       0.       0.       0.       0.       0.      -0.07034  0.     ]
   [ 0.18809  0.11642  0.       0.       0.       0.19242  0.11037  0.       0.       0.02726]
   [-0.08659 -0.06019  0.       0.       0.19242 -0.18576 -0.07296  0.       0.       0.07446]
   [-0.01318 -0.01763  0.       0.       0.11037 -0.07296 -0.03461  0.       0.       0.05882]
   [ 0.       0.      -0.07034  0.       0.       0.       0.      -0.14939  0.       0.     ]
   [ 0.       0.       0.      -0.07034  0.       0.       0.       0.      -0.14939  0.     ]
   [ 0.05978  0.05474  0.       0.       0.02726  0.07446  0.05882  0.       0.      -0.07508]]

  [[ 0.       0.       0.       0.       0.11642 -0.05455 -0.00925  0.       0.       0.04128]
   [ 0.       0.       0.       0.       0.07761 -0.04174 -0.01395  0.       0.       0.04068]
   [ 0.       0.       0.       0.       0.       0.       0.      -0.04738  0.       0.     ]
   [ 0.       0.       0.       0.       0.       0.       0.       0.      -0.04738  0.     ]
   [ 0.11642  0.07761  0.       0.       0.       0.12205  0.0737   0.       0.       0.00626]
   [-0.05455 -0.04174  0.       0.       0.12205 -0.12031 -0.05115  0.       0.       0.05882]
   [-0.00925 -0.01395  0.       0.       0.0737  -0.05115 -0.02749  0.       0.       0.04481]
   [ 0.       0.      -0.04738  0.       0.       0.       0.      -0.10423  0.       0.     ]
   [ 0.       0.       0.      -0.04738  0.       0.       0.       0.      -0.10423  0.     ]
   [ 0.04128  0.04068  0.       0.       0.00626  0.05882  0.04481  0.       0.      -0.06244]]

