[[[[1.07657 0.57847 0.00364 0.07995]
   [0.57847 0.5874  0.033   0.1397 ]
   [0.00364 0.033   0.26459 0.17416]
   [0.07995 0.1397  0.17416 0.2631 ]]

  [[0.57847 0.32942 0.00231 0.04663]
   [0.32942 0.3613  0.02164 0.08871]
   [0.00231 0.02164 0.17416 0.11459]
   [0.04663 0.08871 0.11459 0.1725 ]]

  [[0.00364 0.00231 0.00004 0.00046]
   [0.00231 0.00306 0.00046 0.00127]
   [0.00004 0.00046 0.00364 0.00231]
   [0.00046 0.00127 0.00231 0.00306]]

  [[0.07995 0.04663 0.00046 0.00755]
   [0.04663 0.05313 0.00422 0.0157 ]
   [0.00046 0.00422 0.033   0.02164]
   [0.00755 0.0157  0.02164 0.0318 ]]]


 [[[0.57847 0.32942 0.00231 0.04663]
   [0.32942 0.3613  0.02164 0.08871]
   [0.00231 0.02164 0.17416 0.11459]
   [0.04663 0.08871 0.11459 0.1725 ]]

  [[0.5874  0.3613  0.00306 0.05313]
   [0.3613  0.45315 0.0318  0.11989]
   [0.00306 0.0318  0.2631  0.1725 ]
   [0.05313 0.11989 0.1725  0.25617]]

  [[0.033   0.02164 0.00046 0.00422]
   [0.02164 0.0318  0.00755 0.0157 ]
   [0.00046 0.00755 0.07995 0.04663]
   [0.00422 0.0157  0.04663 0.05313]]

  [[0.1397  0.08871 0.00127 0.0157 ]
   [0.08871 0.11989 0.0157  0.04526]
   [0.00127 0.0157  0.1397  0.08871]
   [0.0157  0.04526 0.08871 0.11989]]]


 [[[0.00364 0.00231 0.00004 0.00046]
   [0.00231 0.00306 0.00046 0.00127]
   [0.00004 0.00046 0.00364 0.00231]
   [0.00046 0.00127 0.00231 0.00306]]

  [[0.033   0.02164 0.00046 0.00422]
   [0.02164 0.0318  0.00755 0.0157 ]
   [0.00046 0.00755 0.07995 0.04663]
   [0.00422 0.0157  0.04663 0.05313]]

  [[0.26459 0.17416 0.00364 0.033  ]
   [0.17416 0.2631  0.07995 0.1397 ]
   [0.00364 0.07995 1.07657 0.57847]
   [0.033   0.1397  0.57847 0.5874 ]]

  [[0.17416 0.11459 0.00231 0.02164]
   [0.11459 0.1725  0.04663 0.08871]
   [0.00231 0.04663 0.57847 0.32942]
   [0.02164 0.08871 0.32942 0.3613 ]]]


 [[[0.07995 0.04663 0.00046 0.00755]
   [0.04663 0.05313 0.00422 0.0157 ]
   [0.00046 0.00422 0.033   0.02164]
   [0.00755 0.0157  0.02164 0.0318 ]]

  [[0.1397  0.08871 0.00127 0.0157 ]
   [0.08871 0.11989 0.0157  0.04526]
   [0.00127 0.0157  0.1397  0.08871]
   [0.0157  0.04526 0.08871 0.11989]]

  [[0.17416 0.11459 0.00231 0.02164]
   [0.11459 0.1725  0.04663 0.08871]
   [0.00231 0.04663 0.57847 0.32942]
   [0.02164 0.08871 0.32942 0.3613 ]]

  [[0.2631  0.1725  0.00306 0.0318 ]
   [0.1725  0.25617 0.05313 0.11989]
   [0.00306 0.05313 0.5874  0.3613 ]
   [0.0318  0.11989 0.3613  0.45315]]]]