[[[[ 1.07657  0.57847  0.       0.       0.       0.4081   0.44072  0.       0.       0.51776]
   [ 0.57847  0.5874   0.       0.       0.       0.34659  0.48029  0.       0.       0.21703]
   [ 0.       0.       0.94533  0.       0.       0.       0.       0.28284  0.       0.     ]
   [ 0.       0.       0.       0.94533  0.       0.       0.       0.       0.28284  0.     ]
   [ 0.       0.       0.       0.       0.94533 -0.38371 -0.11958  0.       0.      -0.3944 ]
   [ 0.4081   0.34659  0.       0.      -0.38371  0.66218  0.4077   0.       0.       0.17935]
   [ 0.44072  0.48029  0.       0.      -0.11958  0.4077   0.49799  0.       0.       0.13578]
   [ 0.       0.       0.28284  0.       0.       0.       0.       0.61573  0.       0.     ]
   [ 0.       0.       0.       0.28284  0.       0.       0.       0.       0.61573  0.     ]
   [ 0.51776  0.21703  0.       0.      -0.3944   0.17935  0.13578  0.       0.       0.72377]]

  [[ 0.57847  0.32942  0.       0.       0.       0.23209  0.25184  0.       0.       0.27965]
   [ 0.32942  0.3613   0.       0.       0.       0.20992  0.29703  0.       0.       0.11723]
   [ 0.       0.       0.5365   0.       0.       0.       0.       0.16642  0.       0.     ]
   [ 0.       0.       0.       0.5365   0.       0.       0.       0.       0.16642  0.     ]
   [ 0.       0.       0.       0.       0.5365  -0.22677 -0.0715   0.       0.      -0.22157]
   [ 0.23209  0.20992  0.       0.      -0.22677  0.4077   0.25129  0.       0.       0.08771]
   [ 0.25184  0.29703  0.       0.      -0.0715   0.25129  0.31236  0.       0.       0.06728]
   [ 0.       0.       0.16642  0.       0.       0.       0.       0.38648  0.       0.     ]
   [ 0.       0.       0.       0.16642  0.       0.       0.       0.       0.38648  0.     ]
   [ 0.27965  0.11723  0.       0.      -0.22157  0.08771  0.06728  0.       0.       0.42548]]

  [[ 0.       0.       0.18809  0.       0.       0.       0.       0.05283  0.       0.     ]
   [ 0.       0.       0.11642  0.       0.       0.       0.       0.04686  0.       0.     ]
   [ 0.18809  0.11642  0.       0.       0.       0.06462  0.08713  0.       0.       0.09045]
   [ 0.       0.       0.       0.       0.       0.       0.       0.       0.       0.     ]
   [ 0.       0.       0.       0.       0.       0.       0.      -0.05239  0.       0.     ]
   [ 0.       0.       0.06462  0.       0.       0.       0.       0.06837  0.       0.     ]
   [ 0.       0.       0.08713  0.       0.       0.       0.       0.05154  0.       0.     ]
   [ 0.05283  0.04686  0.       0.      -0.05239  0.06837  0.05154  0.       0.       0.0411 ]
   [ 0.       0.       0.       0.       0.       0.       0.       0.       0.       0.     ]
   [ 0.       0.       0.09045  0.       0.       0.       0.       0.0411   0.       0.     ]]

  [[ 0.       0.       0.       0.18809  0.       0.       0.       0.       0.05283  0.     ]
   [ 0.       0.       0.       0.11642  0.       0.       0.       0.       0.04686  0.     ]
   [ 0.       0.       0.       0.       0.       0.       0.       0.       0.       0.     ]
   [ 0.18809  0.11642  0.       0.       0.       0.06462  0.08713  0.       0.       0.09045]
   [ 0.       0.       0.       0.       0.       0.       0.       0.      -0.05239  0.     ]
   [ 0.       0.       0.       0.06462  0.       0.       0.       0.       0.06837  0.     ]
   [ 0.       0.       0.       0.08713  0.       0.       0.       0.       0.05154  0.     ]
   [ 0.       0.       0.       0.       0.       0.       0.       0.       0.       0.     ]
   [ 0.05283  0.04686  0.       0.      -0.05239  0.06837  0.05154  0.       0.       0.0411 ]
   [ 0.       0.       0.       0.09045  0.       0.       0.       0.       0.0411   0.     ]]

  [[ 0.       0.       0.       0.       0.18809 -0.07127 -0.02241  0.       0.      -0.07813]
   [ 0.       0.       0.       0.       0.11642 -0.06759 -0.03099  0.       0.      -0.03393]
   [ 0.       0.       0.       0.       0.       0.       0.      -0.05239  0.       0.     ]
   [ 0.       0.       0.       0.       0.       0.       0.       0.      -0.05239  0.     ]
   [ 0.18809  0.11642  0.       0.       0.       0.12525  0.09161  0.       0.       0.12571]
   [-0.07127 -0.06759  0.       0.       0.12525 -0.17935 -0.08771  0.       0.      -0.05018]
   [-0.02241 -0.03099  0.       0.       0.09161 -0.08771 -0.0575   0.       0.      -0.02395]
   [ 0.       0.      -0.05239  0.       0.       0.       0.      -0.15279  0.       0.     ]
   [ 0.       0.       0.      -0.05239  0.       0.       0.       0.      -0.15279  0.     ]
   [-0.07813 -0.03393  0.       0.       0.12571 -0.05018 -0.02395  0.       0.      -0.17185]]

  [[ 0.4081   0.23209  0.       0.      -0.07127  0.20023  0.18792  0.       0.       0.22709]
   [ 0.23209  0.25291  0.       0.      -0.04856  0.18792  0.22522  0.       0.       0.09176]
   [ 0.       0.       0.37017  0.       0.       0.       0.       0.14121  0.       0.     ]
   [ 0.       0.       0.       0.37017  0.       0.       0.       0.       0.14121  0.     ]
   [-0.07127 -0.04856  0.       0.       0.39646 -0.22709 -0.09176  0.       0.      -0.20986]
   [ 0.20023  0.18792  0.       0.      -0.22709  0.4081   0.23209  0.       0.       0.07127]
   [ 0.18792  0.22522  0.       0.      -0.09176  0.23209  0.25291  0.       0.       0.04856]
   [ 0.       0.       0.14121  0.       0.       0.       0.       0.37017  0.       0.     ]
   [ 0.       0.       0.       0.14121  0.       0.       0.       0.       0.37017  0.     ]
   [ 0.22709  0.09176  0.       0.      -0.20986  0.07127  0.04856  0.       0.       0.39646]]

  [[ 0.44072  0.25184  0.       0.      -0.02241  0.18792  0.19601  0.       0.       0.22182]
   [ 0.25184  0.27771  0.       0.      -0.01577  0.17332  0.23463  0.       0.       0.09182]
   [ 0.       0.       0.40912  0.       0.       0.       0.       0.13524  0.       0.     ]
   [ 0.       0.       0.       0.40912  0.       0.       0.       0.       0.13524  0.     ]
   [-0.02241 -0.01577  0.       0.       0.41112 -0.19211 -0.06762  0.       0.      -0.18401]
   [ 0.18792  0.17332  0.       0.      -0.19211  0.34659  0.20992  0.       0.       0.06759]
   [ 0.19601  0.23463  0.       0.      -0.06762  0.20992  0.25265  0.       0.       0.05064]
   [ 0.       0.       0.13524  0.       0.       0.       0.       0.3275   0.       0.     ]
   [ 0.       0.       0.       0.13524  0.       0.       0.       0.       0.3275   0.     ]
   [ 0.22182  0.09182  0.       0.      -0.18401  0.06759  0.05064  0.       0.       0.35432]]

  [[ 0.       0.       0.05283  0.       0.       0.       0.       0.03135  0.       0.     ]
   [ 0.       0.       0.0356   0.       0.       0.       0.       0.03438  0.       0.     ]
   [ 0.05283  0.0356   0.       0.      -0.02279  0.03012  0.03026  0.       0.       0.03668]
   [ 0.       0.       0.       0.       0.       0.       0.       0.       0.       0.     ]
   [ 0.       0.      -0.02279  0.       0.       0.       0.      -0.04056  0.       0.     ]
   [ 0.       0.       0.03012  0.       0.       0.       0.       0.06462  0.       0.     ]
   [ 0.       0.       0.03026  0.       0.       0.       0.       0.04217  0.       0.     ]
   [ 0.03135  0.03438  0.       0.      -0.04056  0.06462  0.04217  0.       0.       0.01934]
   [ 0.       0.       0.       0.       0.       0.       0.       0.       0.       0.     ]
   [ 0.       0.       0.03668  0.       0.       0.       0.       0.01934  0.       0.     ]]

  [[ 0.       0.       0.       0.05283  0.       0.       0.       0.       0.03135  0.     ]
   [ 0.       0.       0.       0.0356   0.       0.       0.       0.       0.03438  0.     ]
   [ 0.       0.       0.       0.       0.       0.       0.       0.       0.       0.     ]
   [ 0.05283  0.0356   0.       0.      -0.02279  0.03012  0.03026  0.       0.       0.03668]
   [ 0.       0.       0.      -0.02279  0.       0.       0.       0.      -0.04056  0.     ]
   [ 0.       0.       0.       0.03012  0.       0.       0.       0.       0.06462  0.     ]
   [ 0.       0.       0.       0.03026  0.       0.       0.       0.       0.04217  0.     ]
   [ 0.       0.       0.       0.       0.       0.       0.       0.       0.       0.     ]
   [ 0.03135  0.03438  0.       0.      -0.04056  0.06462  0.04217  0.       0.       0.01934]
   [ 0.       0.       0.       0.03668  0.       0.       0.       0.       0.01934  0.     ]]

  [[ 0.51776  0.27965  0.       0.      -0.07813  0.22709  0.22182  0.       0.       0.28594]
   [ 0.27965  0.28193  0.       0.      -0.04708  0.19211  0.24077  0.       0.       0.12475]
   [ 0.       0.       0.45604  0.       0.       0.       0.       0.15914  0.       0.     ]
   [ 0.       0.       0.       0.45604  0.       0.       0.       0.       0.15914  0.     ]
   [-0.07813 -0.04708  0.       0.       0.47147 -0.24037 -0.09587  0.       0.      -0.25156]
   [ 0.22709  0.19211  0.       0.      -0.24037  0.38371  0.22677  0.       0.       0.12525]
   [ 0.22182  0.24077  0.       0.      -0.09587  0.22677  0.25655  0.       0.       0.08517]
   [ 0.       0.       0.15914  0.       0.       0.       0.       0.35036  0.       0.     ]
   [ 0.       0.       0.       0.15914  0.       0.       0.       0.       0.35036  0.     ]
   [ 0.28594  0.12475  0.       0.      -0.25156  0.12525  0.08517  0.       0.       0.41232]]]


 [[[ 0.57847  0.32942  0.       0.       0.       0.23209  0.25184  0.       0.       0.27965]
   [ 0.32942  0.3613   0.       0.       0.       0.20992  0.29703  0.       0.       0.11723]
   [ 0.       0.       0.5365   0.       0.       0.       0.       0.16642  0.       0.     ]
   [ 0.       0.       0.       0.5365   0.       0.       0.       0.       0.16642  0.     ]
   [ 0.       0.       0.       0.       0.5365  -0.22677 -0.0715   0.       0.      -0.22157]
   [ 0.23209  0.20992  0.       0.      -0.22677  0.4077   0.25129  0.       0.       0.08771]
   [ 0.25184  0.29703  0.       0.      -0.0715   0.25129  0.31236  0.       0.       0.06728]
   [ 0.       0.       0.16642  0.       0.       0.       0.       0.38648  0.       0.     ]
   [ 0.       0.       0.       0.16642  0.       0.       0.       0.       0.38648  0.     ]
   [ 0.27965  0.11723  0.       0.      -0.22157  0.08771  0.06728  0.       0.       0.42548]]

  [[ 0.5874   0.3613   0.       0.       0.       0.25291  0.27771  0.       0.       0.28193]
   [ 0.3613   0.45315  0.       0.       0.       0.25265  0.37708  0.       0.       0.1117 ]
   [ 0.       0.       0.57297  0.       0.       0.       0.       0.18707  0.       0.     ]
   [ 0.       0.       0.       0.57297  0.       0.       0.       0.       0.18707  0.     ]
   [ 0.       0.       0.       0.       0.57297 -0.25655 -0.08268  0.       0.      -0.23142]
   [ 0.25291  0.25265  0.       0.      -0.25655  0.49799  0.31236  0.       0.       0.0575 ]
   [ 0.27771  0.37708  0.       0.      -0.08268  0.31236  0.40969  0.       0.       0.04639]
   [ 0.       0.       0.18707  0.       0.       0.       0.       0.48615  0.       0.     ]
   [ 0.       0.       0.       0.18707  0.       0.       0.       0.       0.48615  0.     ]
   [ 0.28193  0.1117   0.       0.      -0.23142  0.0575   0.04639  0.       0.       0.4976 ]]

  [[ 0.       0.       0.11642  0.       0.       0.       0.       0.0356   0.       0.     ]
   [ 0.       0.       0.07761  0.       0.       0.       0.       0.03462  0.       0.     ]
   [ 0.11642  0.07761  0.       0.       0.       0.04217  0.05823  0.       0.       0.05613]
   [ 0.       0.       0.       0.       0.       0.       0.       0.       0.       0.     ]
   [ 0.       0.       0.       0.       0.       0.       0.      -0.03675  0.       0.     ]
   [ 0.       0.       0.04217  0.       0.       0.       0.       0.05154  0.       0.     ]
   [ 0.       0.       0.05823  0.       0.       0.       0.       0.03906  0.       0.     ]
   [ 0.0356   0.03462  0.       0.      -0.03675  0.05154  0.03906  0.       0.       0.02596]
   [ 0.       0.       0.       0.       0.       0.       0.       0.       0.       0.     ]
   [ 0.       0.       0.05613  0.       0.       0.       0.       0.02596  0.       0.     ]]

  [[ 0.       0.       0.       0.11642  0.       0.       0.       0.       0.0356   0.     ]
   [ 0.       0.       0.       0.07761  0.       0.       0.       0.       0.03462  0.     ]
   [ 0.       0.       0.       0.       0.       0.       0.       0.       0.       0.     ]
   [ 0.11642  0.07761  0.       0.       0.       0.04217  0.05823  0.       0.       0.05613]
   [ 0.       0.       0.       0.       0.       0.       0.       0.      -0.03675  0.     ]
   [ 0.       0.       0.       0.04217  0.       0.       0.       0.       0.05154  0.     ]
   [ 0.       0.       0.       0.05823  0.       0.       0.       0.       0.03906  0.     ]
   [ 0.       0.       0.       0.       0.       0.       0.       0.       0.       0.     ]
   [ 0.0356   0.03462  0.       0.      -0.03675  0.05154  0.03906  0.       0.       0.02596]
   [ 0.       0.       0.       0.05613  0.       0.       0.       0.       0.02596  0.     ]]

  [[ 0.       0.       0.       0.       0.11642 -0.04856 -0.01577  0.       0.      -0.04708]
   [ 0.       0.       0.       0.       0.07761 -0.05064 -0.02463  0.       0.      -0.0191 ]
   [ 0.       0.       0.       0.       0.       0.       0.      -0.03675  0.       0.     ]
   [ 0.       0.       0.       0.       0.       0.       0.       0.      -0.03675  0.     ]
   [ 0.11642  0.07761  0.       0.       0.       0.08517  0.06153  0.       0.       0.07727]
   [-0.04856 -0.05064  0.       0.       0.08517 -0.13578 -0.06728  0.       0.      -0.02395]
   [-0.01577 -0.02463  0.       0.       0.06153 -0.06728 -0.04639  0.       0.      -0.01032]
   [ 0.       0.      -0.03675  0.       0.       0.       0.      -0.11996  0.       0.     ]
   [ 0.       0.       0.      -0.03675  0.       0.       0.       0.      -0.11996  0.     ]
   [-0.04708 -0.0191   0.       0.       0.07727 -0.02395 -0.01032  0.       0.      -0.11976]]

  [[ 0.34659  0.20992  0.       0.      -0.06759  0.18792  0.17332  0.       0.       0.19211]
   [ 0.20992  0.25265  0.       0.      -0.05064  0.19601  0.23463  0.       0.       0.06762]
   [ 0.       0.       0.3275   0.       0.       0.       0.       0.13524  0.       0.     ]
   [ 0.       0.       0.       0.3275   0.       0.       0.       0.       0.13524  0.     ]
   [-0.06759 -0.05064  0.       0.       0.35432 -0.22182 -0.09182  0.       0.      -0.18401]
   [ 0.18792  0.19601  0.       0.      -0.22182  0.44072  0.25184  0.       0.       0.02241]
   [ 0.17332  0.23463  0.       0.      -0.09182  0.25184  0.27771  0.       0.       0.01577]
   [ 0.       0.       0.13524  0.       0.       0.       0.       0.40912  0.       0.     ]
   [ 0.       0.       0.       0.13524  0.       0.       0.       0.       0.40912  0.     ]
   [ 0.19211  0.06762  0.       0.      -0.18401  0.02241  0.01577  0.       0.       0.41112]]

  [[ 0.48029  0.29703  0.       0.      -0.03099  0.22522  0.23463  0.       0.       0.24077]
   [ 0.29703  0.37708  0.       0.      -0.02463  0.23463  0.33054  0.       0.       0.08862]
   [ 0.       0.       0.46856  0.       0.       0.       0.       0.16686  0.       0.     ]
   [ 0.       0.       0.       0.46856  0.       0.       0.       0.       0.16686  0.     ]
   [-0.03099 -0.02463  0.       0.       0.47183 -0.24077 -0.08862  0.       0.      -0.20818]
   [ 0.22522  0.23463  0.       0.      -0.24077  0.48029  0.29703  0.       0.       0.03099]
   [ 0.23463  0.33054  0.       0.      -0.08862  0.29703  0.37708  0.       0.       0.02463]
   [ 0.       0.       0.16686  0.       0.       0.       0.       0.46856  0.       0.     ]
   [ 0.       0.       0.       0.16686  0.       0.       0.       0.       0.46856  0.     ]
   [ 0.24077  0.08862  0.       0.      -0.20818  0.03099  0.02463  0.       0.       0.47183]]

  [[ 0.       0.       0.04686  0.       0.       0.       0.       0.03438  0.       0.     ]
   [ 0.       0.       0.03462  0.       0.       0.       0.       0.04476  0.       0.     ]
   [ 0.04686  0.03462  0.       0.      -0.02191  0.03026  0.03019  0.       0.       0.03283]
   [ 0.       0.       0.       0.       0.       0.       0.       0.       0.       0.     ]
   [ 0.       0.      -0.02191  0.       0.       0.       0.      -0.04522  0.       0.     ]
   [ 0.       0.       0.03026  0.       0.       0.       0.       0.08713  0.       0.     ]
   [ 0.       0.       0.03019  0.       0.       0.       0.       0.05823  0.       0.     ]
   [ 0.03438  0.04476  0.       0.      -0.04522  0.08713  0.05823  0.       0.       0.00715]
   [ 0.       0.       0.       0.       0.       0.       0.       0.       0.       0.     ]
   [ 0.       0.       0.03283  0.       0.       0.       0.       0.00715  0.       0.     ]]

  [[ 0.       0.       0.       0.04686  0.       0.       0.       0.       0.03438  0.     ]
   [ 0.       0.       0.       0.03462  0.       0.       0.       0.       0.04476  0.     ]
   [ 0.       0.       0.       0.       0.       0.       0.       0.       0.       0.     ]
   [ 0.04686  0.03462  0.       0.      -0.02191  0.03026  0.03019  0.       0.       0.03283]
   [ 0.       0.       0.      -0.02191  0.       0.       0.       0.      -0.04522  0.     ]
   [ 0.       0.       0.       0.03026  0.       0.       0.       0.       0.08713  0.     ]
   [ 0.       0.       0.       0.03019  0.       0.       0.       0.       0.05823  0.     ]
   [ 0.       0.       0.       0.       0.       0.       0.       0.       0.       0.     ]
   [ 0.03438  0.04476  0.       0.      -0.04522  0.08713  0.05823  0.       0.       0.00715]
   [ 0.       0.       0.       0.03283  0.       0.       0.       0.       0.00715  0.     ]]

  [[ 0.21703  0.11723  0.       0.      -0.03393  0.09176  0.09182  0.       0.       0.12475]
   [ 0.11723  0.1117   0.       0.      -0.0191   0.06762  0.08862  0.       0.       0.06643]
   [ 0.       0.       0.19685  0.       0.       0.       0.       0.06707  0.       0.     ]
   [ 0.       0.       0.       0.19685  0.       0.       0.       0.       0.06707  0.     ]
   [-0.03393 -0.0191   0.       0.       0.19934 -0.09587 -0.03854  0.       0.      -0.11192]
   [ 0.09176  0.06762  0.       0.      -0.09587  0.11958  0.0715   0.       0.       0.09161]
   [ 0.09182  0.08862  0.       0.      -0.03854  0.0715   0.08268  0.       0.       0.06153]
   [ 0.       0.       0.06707  0.       0.       0.       0.       0.11135  0.       0.     ]
   [ 0.       0.       0.       0.06707  0.       0.       0.       0.       0.11135  0.     ]
   [ 0.12475  0.06643  0.       0.      -0.11192  0.09161  0.06153  0.       0.       0.12596]]]


 [[[ 0.       0.       0.18809  0.       0.       0.       0.       0.05283  0.       0.     ]
   [ 0.       0.       0.11642  0.       0.       0.       0.       0.04686  0.       0.     ]
   [ 0.18809  0.11642  0.       0.       0.       0.06462  0.08713  0.       0.       0.09045]
   [ 0.       0.       0.       0.       0.       0.       0.       0.       0.       0.     ]
   [ 0.       0.       0.       0.       0.       0.       0.      -0.05239  0.       0.     ]
   [ 0.       0.       0.06462  0.       0.       0.       0.       0.06837  0.       0.     ]
   [ 0.       0.       0.08713  0.       0.       0.       0.       0.05154  0.       0.     ]
   [ 0.05283  0.04686  0.       0.      -0.05239  0.06837  0.05154  0.       0.       0.0411 ]
   [ 0.       0.       0.       0.       0.       0.       0.       0.       0.       0.     ]
   [ 0.       0.       0.09045  0.       0.       0.       0.       0.0411   0.       0.     ]]

  [[ 0.       0.       0.11642  0.       0.       0.       0.       0.0356   0.       0.     ]
   [ 0.       0.       0.07761  0.       0.       0.       0.       0.03462  0.       0.     ]
   [ 0.11642  0.07761  0.       0.       0.       0.04217  0.05823  0.       0.       0.05613]
   [ 0.       0.       0.       0.       0.       0.       0.       0.       0.       0.     ]
   [ 0.       0.       0.       0.       0.       0.       0.      -0.03675  0.       0.     ]
   [ 0.       0.       0.04217  0.       0.       0.       0.       0.05154  0.       0.     ]
   [ 0.       0.       0.05823  0.       0.       0.       0.       0.03906  0.       0.     ]
   [ 0.0356   0.03462  0.       0.      -0.03675  0.05154  0.03906  0.       0.       0.02596]
   [ 0.       0.       0.       0.       0.       0.       0.       0.       0.       0.     ]
   [ 0.       0.       0.05613  0.       0.       0.       0.       0.02596  0.       0.     ]]

  [[ 0.94533  0.5365   0.       0.       0.       0.37017  0.40912  0.       0.       0.45604]
   [ 0.5365   0.57297  0.       0.       0.       0.3275   0.46856  0.       0.       0.19685]
   [ 0.       0.       0.96649  0.       0.       0.       0.       0.28461  0.       0.     ]
   [ 0.       0.       0.       0.84814  0.       0.       0.       0.       0.25695  0.     ]
   [ 0.       0.       0.       0.       0.84814 -0.35036 -0.11135  0.       0.      -0.35254]
   [ 0.37017  0.3275   0.       0.      -0.35036  0.61573  0.38648  0.       0.       0.15279]
   [ 0.40912  0.46856  0.       0.      -0.11135  0.38648  0.48615  0.       0.       0.11996]
   [ 0.       0.       0.28461  0.       0.       0.       0.       0.6028   0.       0.     ]
   [ 0.       0.       0.       0.25695  0.       0.       0.       0.       0.57423  0.     ]
   [ 0.45604  0.19685  0.       0.      -0.35254  0.15279  0.11996  0.       0.       0.66016]]

  [[ 0.       0.       0.       0.       0.       0.       0.       0.       0.       0.     ]
   [ 0.       0.       0.       0.       0.       0.       0.       0.       0.       0.     ]
   [ 0.       0.       0.       0.05917  0.       0.       0.       0.       0.01383  0.     ]
   [ 0.       0.       0.05917  0.       0.       0.       0.       0.01383  0.       0.     ]
   [ 0.       0.       0.       0.       0.       0.       0.       0.       0.       0.     ]
   [ 0.       0.       0.       0.       0.       0.       0.       0.       0.       0.     ]
   [ 0.       0.       0.       0.       0.       0.       0.       0.       0.       0.     ]
   [ 0.       0.       0.       0.01383  0.       0.       0.       0.       0.01429  0.     ]
   [ 0.       0.       0.01383  0.       0.       0.       0.       0.01429  0.       0.     ]
   [ 0.       0.       0.       0.       0.       0.       0.       0.       0.       0.     ]]

  [[ 0.       0.       0.       0.       0.       0.       0.      -0.02279  0.       0.     ]
   [ 0.       0.       0.       0.       0.       0.       0.      -0.02191  0.       0.     ]
   [ 0.       0.       0.       0.       0.05917 -0.01934 -0.00715  0.       0.      -0.02619]
   [ 0.       0.       0.       0.       0.       0.       0.       0.       0.       0.     ]
   [ 0.       0.       0.05917  0.       0.       0.       0.       0.03335  0.       0.     ]
   [ 0.       0.      -0.01934  0.       0.       0.       0.      -0.0411   0.       0.     ]
   [ 0.       0.      -0.00715  0.       0.       0.       0.      -0.02596  0.       0.     ]
   [-0.02279 -0.02191  0.       0.       0.03335 -0.0411  -0.02596  0.       0.      -0.02274]
   [ 0.       0.       0.       0.       0.       0.       0.       0.       0.       0.     ]
   [ 0.       0.      -0.02619  0.       0.       0.       0.      -0.02274  0.       0.     ]]

  [[ 0.       0.       0.06462  0.       0.       0.       0.       0.03012  0.       0.     ]
   [ 0.       0.       0.04217  0.       0.       0.       0.       0.03026  0.       0.     ]
   [ 0.06462  0.04217  0.       0.      -0.01934  0.03135  0.03438  0.       0.       0.04056]
   [ 0.       0.       0.       0.       0.       0.       0.       0.       0.       0.     ]
   [ 0.       0.      -0.01934  0.       0.       0.       0.      -0.03668  0.       0.     ]
   [ 0.       0.       0.03135  0.       0.       0.       0.       0.05283  0.       0.     ]
   [ 0.       0.       0.03438  0.       0.       0.       0.       0.0356   0.       0.     ]
   [ 0.03012  0.03026  0.       0.      -0.03668  0.05283  0.0356   0.       0.       0.02279]
   [ 0.       0.       0.       0.       0.       0.       0.       0.       0.       0.     ]
   [ 0.       0.       0.04056  0.       0.       0.       0.       0.02279  0.       0.     ]]

  [[ 0.       0.       0.08713  0.       0.       0.       0.       0.03026  0.       0.     ]
   [ 0.       0.       0.05823  0.       0.       0.       0.       0.03019  0.       0.     ]
   [ 0.08713  0.05823  0.       0.      -0.00715  0.03438  0.04476  0.       0.       0.04522]
   [ 0.       0.       0.       0.       0.       0.       0.       0.       0.       0.     ]
   [ 0.       0.      -0.00715  0.       0.       0.       0.      -0.03283  0.       0.     ]
   [ 0.       0.       0.03438  0.       0.       0.       0.       0.04686  0.       0.     ]
   [ 0.       0.       0.04476  0.       0.       0.       0.       0.03462  0.       0.     ]
   [ 0.03026  0.03019  0.       0.      -0.03283  0.04686  0.03462  0.       0.       0.02191]
   [ 0.       0.       0.       0.       0.       0.       0.       0.       0.       0.     ]
   [ 0.       0.       0.04522  0.       0.       0.       0.       0.02191  0.       0.     ]]

  [[ 0.28284  0.16642  0.       0.      -0.05239  0.14121  0.13524  0.       0.       0.15914]
   [ 0.16642  0.18707  0.       0.      -0.03675  0.13524  0.16686  0.       0.       0.06707]
   [ 0.       0.       0.28461  0.       0.       0.       0.       0.11238  0.       0.     ]
   [ 0.       0.       0.       0.25695  0.       0.       0.       0.       0.09862  0.     ]
   [-0.05239 -0.03675  0.       0.       0.27646 -0.15914 -0.06707  0.       0.      -0.14813]
   [ 0.14121  0.13524  0.       0.      -0.15914  0.28284  0.16642  0.       0.       0.05239]
   [ 0.13524  0.16686  0.       0.      -0.06707  0.16642  0.18707  0.       0.       0.03675]
   [ 0.       0.       0.11238  0.       0.       0.       0.       0.28461  0.       0.     ]
   [ 0.       0.       0.       0.09862  0.       0.       0.       0.       0.25695  0.     ]
   [ 0.15914  0.06707  0.       0.      -0.14813  0.05239  0.03675  0.       0.       0.27646]]

  [[ 0.       0.       0.       0.       0.       0.       0.       0.       0.       0.     ]
   [ 0.       0.       0.       0.       0.       0.       0.       0.       0.       0.     ]
   [ 0.       0.       0.       0.01383  0.       0.       0.       0.       0.00688  0.     ]
   [ 0.       0.       0.01383  0.       0.       0.       0.       0.00688  0.       0.     ]
   [ 0.       0.       0.       0.       0.       0.       0.       0.       0.       0.     ]
   [ 0.       0.       0.       0.       0.       0.       0.       0.       0.       0.     ]
   [ 0.       0.       0.       0.       0.       0.       0.       0.       0.       0.     ]
   [ 0.       0.       0.       0.00688  0.       0.       0.       0.       0.01383  0.     ]
   [ 0.       0.       0.00688  0.       0.       0.       0.       0.01383  0.       0.     ]
   [ 0.       0.       0.       0.       0.       0.       0.       0.       0.       0.     ]]

  [[ 0.       0.       0.09045  0.       0.       0.       0.       0.03668  0.       0.     ]
   [ 0.       0.       0.05613  0.       0.       0.       0.       0.03283  0.       0.     ]
   [ 0.09045  0.05613  0.       0.      -0.02619  0.04056  0.04522  0.       0.       0.05623]
   [ 0.       0.       0.       0.       0.       0.       0.       0.       0.       0.     ]
   [ 0.       0.      -0.02619  0.       0.       0.       0.      -0.04247  0.       0.     ]
   [ 0.       0.       0.04056  0.       0.       0.       0.       0.05239  0.       0.     ]
   [ 0.       0.       0.04522  0.       0.       0.       0.       0.03675  0.       0.     ]
   [ 0.03668  0.03283  0.       0.      -0.04247  0.05239  0.03675  0.       0.       0.03335]
   [ 0.       0.       0.       0.       0.       0.       0.       0.       0.       0.     ]
   [ 0.       0.       0.05623  0.       0.       0.       0.       0.03335  0.       0.     ]]]


 [[[ 0.       0.       0.       0.18809  0.       0.       0.       0.       0.05283  0.     ]
   [ 0.       0.       0.       0.11642  0.       0.       0.       0.       0.04686  0.     ]
   [ 0.       0.       0.       0.       0.       0.       0.       0.       0.       0.     ]
   [ 0.18809  0.11642  0.       0.       0.       0.06462  0.08713  0.       0.       0.09045]
   [ 0.       0.       0.       0.       0.       0.       0.       0.      -0.05239  0.     ]
   [ 0.       0.       0.       0.06462  0.       0.       0.       0.       0.06837  0.     ]
   [ 0.       0.       0.       0.08713  0.       0.       0.       0.       0.05154  0.     ]
   [ 0.       0.       0.       0.       0.       0.       0.       0.       0.       0.     ]
   [ 0.05283  0.04686  0.       0.      -0.05239  0.06837  0.05154  0.       0.       0.0411 ]
   [ 0.       0.       0.       0.09045  0.       0.       0.       0.       0.0411   0.     ]]

  [[ 0.       0.       0.       0.11642  0.       0.       0.       0.       0.0356   0.     ]
   [ 0.       0.       0.       0.07761  0.       0.       0.       0.       0.03462  0.     ]
   [ 0.       0.       0.       0.       0.       0.       0.       0.       0.       0.     ]
   [ 0.11642  0.07761  0.       0.       0.       0.04217  0.05823  0.       0.       0.05613]
   [ 0.       0.       0.       0.       0.       0.       0.       0.      -0.03675  0.     ]
   [ 0.       0.       0.       0.04217  0.       0.       0.       0.       0.05154  0.     ]
   [ 0.       0.       0.       0.05823  0.       0.       0.       0.       0.03906  0.     ]
   [ 0.       0.       0.       0.       0.       0.       0.       0.       0.       0.     ]
   [ 0.0356   0.03462  0.       0.      -0.03675  0.05154  0.03906  0.       0.       0.02596]
   [ 0.       0.       0.       0.05613  0.       0.       0.       0.       0.02596  0.     ]]

  [[ 0.       0.       0.       0.       0.       0.       0.       0.       0.       0.     ]
   [ 0.       0.       0.       0.       0.       0.       0.       0.       0.       0.     ]
   [ 0.       0.       0.       0.05917  0.       0.       0.       0.       0.01383  0.     ]
   [ 0.       0.       0.05917  0.       0.       0.       0.       0.01383  0.       0.     ]
   [ 0.       0.       0.       0.       0.       0.       0.       0.       0.       0.     ]
   [ 0.       0.       0.       0.       0.       0.       0.       0.       0.       0.     ]
   [ 0.       0.       0.       0.       0.       0.       0.       0.       0.       0.     ]
   [ 0.       0.       0.       0.01383  0.       0.       0.       0.       0.01429  0.     ]
   [ 0.       0.       0.01383  0.       0.       0.       0.       0.01429  0.       0.     ]
   [ 0.       0.       0.       0.       0.       0.       0.       0.       0.       0.     ]]

  [[ 0.94533  0.5365   0.       0.       0.       0.37017  0.40912  0.       0.       0.45604]
   [ 0.5365   0.57297  0.       0.       0.       0.3275   0.46856  0.       0.       0.19685]
   [ 0.       0.       0.84814  0.       0.       0.       0.       0.25695  0.       0.     ]
   [ 0.       0.       0.       0.96649  0.       0.       0.       0.       0.28461  0.     ]
   [ 0.       0.       0.       0.       0.84814 -0.35036 -0.11135  0.       0.      -0.35254]
   [ 0.37017  0.3275   0.       0.      -0.35036  0.61573  0.38648  0.       0.       0.15279]
   [ 0.40912  0.46856  0.       0.      -0.11135  0.38648  0.48615  0.       0.       0.11996]
   [ 0.       0.       0.25695  0.       0.       0.       0.       0.57423  0.       0.     ]
   [ 0.       0.       0.       0.28461  0.       0.       0.       0.       0.6028   0.     ]
   [ 0.45604  0.19685  0.       0.      -0.35254  0.15279  0.11996  0.       0.       0.66016]]

  [[ 0.       0.       0.       0.       0.       0.       0.       0.      -0.02279  0.     ]
   [ 0.       0.       0.       0.       0.       0.       0.       0.      -0.02191  0.     ]
   [ 0.       0.       0.       0.       0.       0.       0.       0.       0.       0.     ]
   [ 0.       0.       0.       0.       0.05917 -0.01934 -0.00715  0.       0.      -0.02619]
   [ 0.       0.       0.       0.05917  0.       0.       0.       0.       0.03335  0.     ]
   [ 0.       0.       0.      -0.01934  0.       0.       0.       0.      -0.0411   0.     ]
   [ 0.       0.       0.      -0.00715  0.       0.       0.       0.      -0.02596  0.     ]
   [ 0.       0.       0.       0.       0.       0.       0.       0.       0.       0.     ]
   [-0.02279 -0.02191  0.       0.       0.03335 -0.0411  -0.02596  0.       0.      -0.02274]
   [ 0.       0.       0.      -0.02619  0.       0.       0.       0.      -0.02274  0.     ]]

  [[ 0.       0.       0.       0.06462  0.       0.       0.       0.       0.03012  0.     ]
   [ 0.       0.       0.       0.04217  0.       0.       0.       0.       0.03026  0.     ]
   [ 0.       0.       0.       0.       0.       0.       0.       0.       0.       0.     ]
   [ 0.06462  0.04217  0.       0.      -0.01934  0.03135  0.03438  0.       0.       0.04056]
   [ 0.       0.       0.      -0.01934  0.       0.       0.       0.      -0.03668  0.     ]
   [ 0.       0.       0.       0.03135  0.       0.       0.       0.       0.05283  0.     ]
   [ 0.       0.       0.       0.03438  0.       0.       0.       0.       0.0356   0.     ]
   [ 0.       0.       0.       0.       0.       0.       0.       0.       0.       0.     ]
   [ 0.03012  0.03026  0.       0.      -0.03668  0.05283  0.0356   0.       0.       0.02279]
   [ 0.       0.       0.       0.04056  0.       0.       0.       0.       0.02279  0.     ]]

  [[ 0.       0.       0.       0.08713  0.       0.       0.       0.       0.03026  0.     ]
   [ 0.       0.       0.       0.05823  0.       0.       0.       0.       0.03019  0.     ]
   [ 0.       0.       0.       0.       0.       0.       0.       0.       0.       0.     ]
   [ 0.08713  0.05823  0.       0.      -0.00715  0.03438  0.04476  0.       0.       0.04522]
   [ 0.       0.       0.      -0.00715  0.       0.       0.       0.      -0.03283  0.     ]
   [ 0.       0.       0.       0.03438  0.       0.       0.       0.       0.04686  0.     ]
   [ 0.       0.       0.       0.04476  0.       0.       0.       0.       0.03462  0.     ]
   [ 0.       0.       0.       0.       0.       0.       0.       0.       0.       0.     ]
   [ 0.03026  0.03019  0.       0.      -0.03283  0.04686  0.03462  0.       0.       0.02191]
   [ 0.       0.       0.       0.04522  0.       0.       0.       0.       0.02191  0.     ]]

  [[ 0.       0.       0.       0.       0.       0.       0.       0.       0.       0.     ]
   [ 0.       0.       0.       0.       0.       0.       0.       0.       0.       0.     ]
   [ 0.       0.       0.       0.01383  0.       0.       0.       0.       0.00688  0.     ]
   [ 0.       0.       0.01383  0.       0.       0.       0.       0.00688  0.       0.     ]
   [ 0.       0.       0.       0.       0.       0.       0.       0.       0.       0.     ]
   [ 0.       0.       0.       0.       0.       0.       0.       0.       0.       0.     ]
   [ 0.       0.       0.       0.       0.       0.       0.       0.       0.       0.     ]
   [ 0.       0.       0.       0.00688  0.       0.       0.       0.       0.01383  0.     ]
   [ 0.       0.       0.00688  0.       0.       0.       0.       0.01383  0.       0.     ]
   [ 0.       0.       0.       0.       0.       0.       0.       0.       0.       0.     ]]

  [[ 0.28284  0.16642  0.       0.      -0.05239  0.14121  0.13524  0.       0.       0.15914]
   [ 0.16642  0.18707  0.       0.      -0.03675  0.13524  0.16686  0.       0.       0.06707]
   [ 0.       0.       0.25695  0.       0.       0.       0.       0.09862  0.       0.     ]
   [ 0.       0.       0.       0.28461  0.       0.       0.       0.       0.11238  0.     ]
   [-0.05239 -0.03675  0.       0.       0.27646 -0.15914 -0.06707  0.       0.      -0.14813]
   [ 0.14121  0.13524  0.       0.      -0.15914  0.28284  0.16642  0.       0.       0.05239]
   [ 0.13524  0.16686  0.       0.      -0.06707  0.16642  0.18707  0.       0.       0.03675]
   [ 0.       0.       0.09862  0.       0.       0.       0.       0.25695  0.       0.     ]
   [ 0.       0.       0.       0.11238  0.       0.       0.       0.       0.28461  0.     ]
   [ 0.15914  0.06707  0.       0.      -0.14813  0.05239  0.03675  0.       0.       0.27646]]

  [[ 0.       0.       0.       0.09045  0.       0.       0.       0.       0.03668  0.     ]
   [ 0.       0.       0.       0.05613  0.       0.       0.       0.       0.03283  0.     ]
   [ 0.       0.       0.       0.       0.       0.       0.       0.       0.       0.     ]
   [ 0.09045  0.05613  0.       0.      -0.02619  0.04056  0.04522  0.       0.       0.05623]
   [ 0.       0.       0.      -0.02619  0.       0.       0.       0.      -0.04247  0.     ]
   [ 0.       0.       0.       0.04056  0.       0.       0.       0.       0.05239  0.     ]
   [ 0.       0.       0.       0.04522  0.       0.       0.       0.       0.03675  0.     ]
   [ 0.       0.       0.       0.       0.       0.       0.       0.       0.       0.     ]
   [ 0.03668  0.03283  0.       0.      -0.04247  0.05239  0.03675  0.       0.       0.03335]
   [ 0.       0.       0.       0.05623  0.       0.       0.       0.       0.03335  0.     ]]]


 [[[ 0.       0.       0.       0.       0.18809 -0.07127 -0.02241  0.       0.      -0.07813]
   [ 0.       0.       0.       0.       0.11642 -0.06759 -0.03099  0.       0.      -0.03393]
   [ 0.       0.       0.       0.       0.       0.       0.      -0.05239  0.       0.     ]
   [ 0.       0.       0.       0.       0.       0.       0.       0.      -0.05239  0.     ]
   [ 0.18809  0.11642  0.       0.       0.       0.12525  0.09161  0.       0.       0.12571]
   [-0.07127 -0.06759  0.       0.       0.12525 -0.17935 -0.08771  0.       0.      -0.05018]
   [-0.02241 -0.03099  0.       0.       0.09161 -0.08771 -0.0575   0.       0.      -0.02395]
   [ 0.       0.      -0.05239  0.       0.       0.       0.      -0.15279  0.       0.     ]
   [ 0.       0.       0.      -0.05239  0.       0.       0.       0.      -0.15279  0.     ]
   [-0.07813 -0.03393  0.       0.       0.12571 -0.05018 -0.02395  0.       0.      -0.17185]]

  [[ 0.       0.       0.       0.       0.11642 -0.04856 -0.01577  0.       0.      -0.04708]
   [ 0.       0.       0.       0.       0.07761 -0.05064 -0.02463  0.       0.      -0.0191 ]
   [ 0.       0.       0.       0.       0.       0.       0.      -0.03675  0.       0.     ]
   [ 0.       0.       0.       0.       0.       0.       0.       0.      -0.03675  0.     ]
   [ 0.11642  0.07761  0.       0.       0.       0.08517  0.06153  0.       0.       0.07727]
   [-0.04856 -0.05064  0.       0.       0.08517 -0.13578 -0.06728  0.       0.      -0.02395]
   [-0.01577 -0.02463  0.       0.       0.06153 -0.06728 -0.04639  0.       0.      -0.01032]
   [ 0.       0.      -0.03675  0.       0.       0.       0.      -0.11996  0.       0.     ]
   [ 0.       0.       0.      -0.03675  0.       0.       0.       0.      -0.11996  0.     ]
   [-0.04708 -0.0191   0.       0.       0.07727 -0.02395 -0.01032  0.       0.      -0.11976]]

