[[ 1.39568  0.25973  0.       0.       0.       0.2328   0.16617  0.       0.       0.65985]
 [ 0.25973  0.24192  0.       0.       0.       0.16617  0.18488  0.       0.       0.09733]
 [ 0.       0.       2.75     0.       0.       0.       0.       0.53416  0.       0.     ]
 [ 0.       0.       0.       2.75     0.       0.       0.       0.       0.53416  0.     ]
 [ 0.       0.       0.       0.       2.75    -0.65985 -0.09733  0.       0.      -1.42237]
 [ 0.2328   0.16617  0.       0.      -0.65985  1.39568  0.25973  0.       0.       0.     ]
 [ 0.16617  0.18488  0.       0.      -0.09733  0.25973  0.24192  0.       0.       0.     ]
 [ 0.       0.       0.53416  0.       0.       0.       0.       2.75     0.       0.     ]
 [ 0.       0.       0.       0.53416  0.       0.       0.       0.       2.75     0.     ]
 [ 0.65985  0.09733  0.       0.      -1.42237  0.       0.       0.       0.       2.75   ]]