[[[[1.07657 0.57847 0.76472 0.53055]
   [0.57847 0.5874  0.48591 0.5509 ]
   [0.76472 0.48591 0.8893  0.50878]
   [0.53055 0.5509  0.50878 0.55591]]

  [[0.57847 0.32942 0.42148 0.30247]
   [0.32942 0.3613  0.28383 0.33945]
   [0.42148 0.28383 0.50878 0.2995 ]
   [0.30247 0.33945 0.2995  0.34427]]

  [[0.76472 0.42148 0.59815 0.39465]
   [0.42148 0.44022 0.39465 0.4245 ]
   [0.59815 0.39465 0.76472 0.42148]
   [0.39465 0.4245  0.42148 0.44022]]

  [[0.53055 0.30247 0.39465 0.2793 ]
   [0.30247 0.33231 0.26763 0.31496]
   [0.39465 0.26763 0.48591 0.28383]
   [0.2793  0.31496 0.28383 0.32212]]]


 [[[0.57847 0.32942 0.42148 0.30247]
   [0.32942 0.3613  0.28383 0.33945]
   [0.42148 0.28383 0.50878 0.2995 ]
   [0.30247 0.33945 0.2995  0.34427]]

  [[0.5874  0.3613  0.44022 0.33231]
   [0.3613  0.45315 0.32212 0.42742]
   [0.44022 0.32212 0.55591 0.34427]
   [0.33231 0.42742 0.34427 0.43845]]

  [[0.48591 0.28383 0.39465 0.26763]
   [0.28383 0.32212 0.2793  0.31496]
   [0.39465 0.2793  0.53055 0.30247]
   [0.26763 0.31496 0.30247 0.33231]]

  [[0.5509  0.33945 0.4245  0.31496]
   [0.33945 0.42742 0.31496 0.40992]
   [0.4245  0.31496 0.5509  0.33945]
   [0.31496 0.40992 0.33945 0.42742]]]


 [[[0.76472 0.42148 0.59815 0.39465]
   [0.42148 0.44022 0.39465 0.4245 ]
   [0.59815 0.39465 0.76472 0.42148]
   [0.39465 0.4245  0.42148 0.44022]]

  [[0.48591 0.28383 0.39465 0.26763]
   [0.28383 0.32212 0.2793  0.31496]
   [0.39465 0.2793  0.53055 0.30247]
   [0.26763 0.31496 0.30247 0.33231]]

  [[0.8893  0.50878 0.76472 0.48591]
   [0.50878 0.55591 0.53055 0.5509 ]
   [0.76472 0.53055 1.07657 0.57847]
   [0.48591 0.5509  0.57847 0.5874 ]]

  [[0.50878 0.2995  0.42148 0.28383]
   [0.2995  0.34427 0.30247 0.33945]
   [0.42148 0.30247 0.57847 0.32942]
   [0.28383 0.33945 0.32942 0.3613 ]]]


 [[[0.53055 0.30247 0.39465 0.2793 ]
   [0.30247 0.33231 0.26763 0.31496]
   [0.39465 0.26763 0.48591 0.28383]
   [0.2793  0.31496 0.28383 0.32212]]

  [[0.5509  0.33945 0.4245  0.31496]
   [0.33945 0.42742 0.31496 0.40992]
   [0.4245  0.31496 0.5509  0.33945]
   [0.31496 0.40992 0.33945 0.42742]]

  [[0.50878 0.2995  0.42148 0.28383]
   [0.2995  0.34427 0.30247 0.33945]
   [0.42148 0.30247 0.57847 0.32942]
   [0.28383 0.33945 0.32942 0.3613 ]]

  [[0.55591 0.34427 0.44022 0.32212]
   [0.34427 0.43845 0.33231 0.42742]
   [0.44022 0.33231 0.5874  0.3613 ]
   [0.32212 0.42742 0.3613  0.45315]]]]